2057480418
351231789
200327332
1998593636
371817093
834137158
786080674
519118550
1163149663
30233631
316122176
170947398
522651400
554623840
1045411742
1342687632
1949819839
1366505841
277401316
1675970420
1791538936
402184166
420385750
1510294742
1710572633
985723133
2024131802
1181588459
1999334891
956236944
1945375060
1909331662
1307468733
2145702392
1760441650
1679285826
832355903
399038676
50920728
1995505566
429272307
367042904
18969316
951923708
921666745
1064381058
147127692
724002936
283403252
424529008
252489708
2074942188
826713174
672875458
1437753282
389802159
1658598592
1314401437
1571390618
1510449835
123154733
1369282030
1272297849
1430623466
1367500775
885255851
962425644
52373030
1284294527
1013346372
2047878596
1713566835
1380389276
2066847912
518006895
154572373
983745323
665134587
878575309
1267148575
1089663595
1131065018
1194607115
1916376769
1803940476
484876749
158695280
1315055420
1799278186
1730085898
678021608
1922432919
951884281
1950319457
1205572737
171901408
688091661
20514733
224274438
1972386188
1033861105
124669386
1538469375
266766734
44033650
2056476270
421339107
1027778973
574127209
1299914417
147443900
1663790804
283495787
1342051015
1432683925
2087436263
1826927765
1591379205
1255008036
1478722303
1173981456
1933029644
1253671575
2125865737
1735865453
311760664
150283497
276473466
332275398
374557935
101376007
1366136503
499227321
1639845382
1632903237
543260971
1548838005
2054242345
1571039945
2122965214
1206673114
1718483845
1639272371
1490168901
913051213
924472648
1430121516
592495330
368368206
537645904
2071217633
1542349662
323191900
1177405560
1520731751
2059057354
1489166225
1671015248
188047172
1821441623
2045573183
289423179
1040094478
397316856
1929268562
525514068
940577827
1330622919
432272765
364134124
1306104485
1638945879
2082617970
797893208
981631132
848185535
1722365857
264269000
1440680865
2090734063
801914905
1364414850
1485600077
1125106805
394336763
858848180
1036680511
1883502988
382379780
1224727684
1557460963
280469315
1514150863
450071793
677786171
1295935777
975585861
1618363998
479075048
1407858626
1982498123
1785179534
899320857
1917632445
435589094
1880951989
618334332
10471303
2145220990
2059015197
2101205366
799652247
1275946399
1439321795
1924759052
1670283162
150686327
813955916
1406302502
533066107
2038683600
816279817
813535422
1405350815
1266351611
1491321593
553802945
94453824
962201944
1032877993
1502312451
797216419
670573879
254149660
567365216
1106162974
2135101650
1185699548
1116634277
2132838992
1097231097
1070355996
785007591
225693848
362194143
562282995
1895977011
512880471
1376238911
1154795865
1045946578
1267438863
1971075683
1859482001
525306031
1089943646
1203319946
1079108976
1184397470
18038242
2111986969
539226273
815254661
635077201
793375934
1382619877
1741240175
780993936
420835777
710390804
766349280
1518066874
1780746800
1551356871
1743760723
2142940944
2113639866
1492254086
508337767
1342395130
499566303
1554284345
462350345
323158338
1266282698
987656376
1413101984
322118997
2066765352
450015807
340157239
2031268674
989242080
1155411901
518862227
1782618014
390548130
112618754
416128302
811383908
823009558
1182477582
181967134
456272711
586350805
1925727857
451730007
552507024
1270498295
960067774
1894902154
1770064599
366868471
209768851
2093222937
1633151170
1197425228
1358841274
1955270167
1116706932
1808857081
147943758
1000491958
650615513
1303355659
1519354185
285749880
1693903790
1631972939
701878182
357804050
307498850
1884355765
539771184
763771561
323222922
318015394
1215501568
875729946
1588513689
28085694
623148452
1211094640
394954165
832917304
1156833930
2028105335
2030342532
368191556
1835891854
999565816
29564989
1983835613
2000057775
680180502
1139707624
1371928312
965930382
686127766
856417604
1667808565
1043931816
1163916454
1404680682
1583703001
1927688015
1727903604
1901718395
995705935
456149903
1342748436
1023791629
1079298355
406359429
1418745794
1912215659
1563193359
1299367482
1795074543
1931384915
987775688
647156712
1960949904
824127653
499730839
493646758
1963835278
1871659151
1459577141
502479396
580593107
979902058
1546411213
1744509561
237099092
982630566
1524713928
1965002696
736865313
372936215
273668951
2079613749
1396727844
1352967307
338489530
667989991
1117699318
1901682889
1967357473
765290214
1685584156
807649513
1412446926
1499050412
1631777167
1912177765
1992697171
1448128797
1636353268
1304790664
1950608193
69462728
137209074
1349535758
1813972289
374308166
184682676
1191202570
191827214
921547989
1564138785
465496166
853678091
813382982
1818463473
1192167621
1481372973
788679143
946366863
1301246798
1553969357
484467371
2108896311
818932635
1983517784
1593189830
583626752
1828731307
893834979
72496373
986038323
696959525
141959101
1123247397
2046495283
1955931390
1497555563
83694312
999650312
1689382777
1005242301
416305450
7395295
1858920392
1229688432
1825858768
903604366
563577757
467054264
1849971229
1864824555
2021023621
186954952
1826237218
692472609
22989088
1271943401
1276099361
1851720395
18294732
1348595734
690275070
715254257
1490554835
1813522467
614265893
1299002578
1163594382
697960205
151169242
705493512
1703202506
567474692
712888807
1414639251
1797163124
391263928
170759969
213257233
858318192
2020731198
2078081788
731858165
60202502
1756835359
1424330774
83191591
881295112
552946488
1934911986
899589844
1901542222
477703409
1614844102
1244613410
143742228
81626347
396132340
1307336611
779586552
547301582
2012830123
335305410
1114776275
578235282
1749944661
764455751
969499210
1920704630
977712985
1827817402
1793952180
908311125
412191920
1854154683
517662836
1836522694
1937346274
1398957948
241985534
1724774612
151064145
2143527757
54994373
1765908247
1240657519
198736602
1847534594
1636789859
1506073213
479637498
36607793
1371419688
814942908
1151384068
1949654970
417403922
1915839820
771670533
190624904
746069157
452004287
1984577085
1654380282
864196207
1691248120
24559471
553235254
1481110746
1423517419
795220788
1058401710
1574581564
791264897
1113396084
1193006163
2031922416
1312132686
893057109
1521228627
670722251
1372694607
1557836421
2042141939
40153868
561736841
1844313261
457557790
330093013
468500146
648182694
1076162170
920504434
485276131
583058805
1784700641
29040603
607618276
190452247
1510151349
2031135695
985673036
421069412
1458233612
1776937933
1534465496
503756127
1661376702
699114534
1396813237
1035121681
1369836785
622024196
445474454
1264495076
662178064
1007211296
961324689
1119735854
1337304309
1429824836
1767918549
265982832
202845622
105711032
849041637
1987546263
134751636
1456659913
30514863
1644902985
1340311960
1016187899
2065972397
651061924
645642184
1452954245
1154818052
159535238
4585131
404147641
1194656920
1374421916
1026171837
1640131374
491433344
1688349902
499859022
1452758034
660602108
1837163332
735099222
281037009
2103146164
937944844
386748042
804704153
778007459
521499678
113880418
808522322
18919015
1454192378
1824710221
2084891413
2105254303
322868758
1390362010
1112588707
482403996
1394947142
1516736348
1677060916
621885410
395424537
1169708643
1113318755
2083774439
1669567665
418593141
596892900
1359247349
1153692363
877929909
1314909865
2091637207
1264677951
2119614018
722161018
1786177629
86010788
1530683341
1805096645
1540203167
1207909914
1742504410
1497973822
1530778672
985382772
463078881
2013182669
232846266
1979815229
1542759937
854731677
227756118
564984932
1968050432
164046910
87068950
239159925
760939810
1446316299
1392852288
1638869719
613742517
1337005847
756064023
585872887
2059166865
394758004
671883676
1442366558
52371001
64603195
502792825
1794875411
1562577017
2033571497
632774536
2025655898
1899270518
865620802
1857987479
1294546808
1720352479
2085743597
1859531740
1540919263
102306859
1946600690
1780079188
863246669
1245433342
1025447828
354632741
1859175859
214970027
1110696764
297565098
126653245
1505454768
969448774
1569019803
1557825770
1034051969
2071812628
1205217533
449145338
1957900478
1837992069
327317588
1709687348
556129224
37821419
856750508
128998055
2123565017
568798601
1669917319
78388228
367915643
1302512859
941634898
1613348985
180477040
1296267639
1325041196
395447067
259480755
1622606295
522100312
1764935523
444571421
2091120116
1175277645
1478623391
2015449096
233011531
1927768729
1825865926
2071003600
107602670
1388069627
479649176
145424089
97336487
608647232
121505458
666135088
131080903
199893687
1034050732
1433593762
1141528585
499916069
1614070802
290312576
1824957266
2009517870
549793331
1300079913
384134534
167245206
1744651334
327771002
1342522852
1075791077
195736451
1575534383
856076159
2021602377
1499054335
963678829
1262188356
1978703512
1109102918
1359524844
439867096
1230608377
2025659932
570947999
1430502064
912227016
2004541761
424547001
1412143086
1471128916
714859577
1089616704
1333163138
1264652908
242212969
1717297672
1431898114
1986864303
2045068675
626937318
915171733
93321478
54988053
1771247892
2114923855
1554042389
587443073
1229628564
1385262253
1696545991
441669760
1825129349
779670720
319846044
248593700
62689136
1232073061
105651813
487236137
496732499
1576780729
1202095714
1586349203
762460219
319264974
1828562172
332274244
1751163089
1667942827
229859271
230616759
435630912
323180749
285604813
59395156
290620956
1839647202
646838229
1520249520
1077425807
195900573
1961919280
755071508
975571293
134281677
1003665208
1038260430
1366354738
1109317021
1525496567
1863087237
538614103
580108634
1301952792
1301074322
899373608
983031316
1633348566
503053049
503490495
1863207837
733669809
939121408
38904938
1019274622
998516564
329525895
711438176
1645354794
1849775415
1788863983
1841255367
1664211048
396451843
669343012
1798492725
1400117051
1707603442
1017363815
361950424
1085616362
732967404
900564527
1665724996
2034920196
54155202
417614956
870467864
1687503768
920668006
1373958359
1403227958
1654337815
165596119
1442132896
526128789
1164112684
1771658791
1237566965
661983830
1473950559
878947300
355755549
990677959
1275399143
1025098561
641687036
528032546
585218356
1659050851
889982970
1670834718
244534607
1790547498
1189076066
131971155
1844702700
1606691022
1002439019
1384722820
379875380
228913730
640467130
2034213195
394509850
2082600027
412858336
1558622534
1706775170
1650425301
73122716
1033242081
381888953
428878265
2023920040
1657288096
1453976826
518123428
37836994
2039195182
29690631
927819965
1562546252
274225238
570883815
604138670
406196393
268102867
63346045
1408635412
1652825687
443221425
1637549143
145809170
329950973
2032058993
80925549
742809309
1443197879
1787700719
245750963
1516320595
673459153
627639916
1945198860
549895545
137444365
1251692038
1068018974
175281359
1143403573
1097709605
1103101324
558466177
1371934844
1673985139
1162604848
1778131237
1942088006
1225950893
1039283002
1447430046
1669172318
529348497
1593239216
1999123291
413923842
1674164765
594448953
1857121721
1314381836
840199916
1225958668
1987840989
1467839832
1023673880
390252887
1605284197
127882270
1458271861
1780565557
1271285843
408497818
736183233
1829752021
1780432662
262684725
844873221
1411080252
57289083
2070824114
302879606
1504719129
1592512784
832228103
950474697
1444152428
1246151945
477155814
2038601381
955790018
1791537651
731317649
34265038
1631894992
51673833
1057938918
2022147879
1656958031
1185821188
1332936092
1290039940
309623384
1741433911
2026223173
2139375405
1374382925
141424250
836764978
637979529
198713334
760105444
940859135
1703432463
205134580
1773087238
506423513
1649287008
871755535
983579327
1540404741
1827545553
627633330
124238742
1861810591
112044675
175912576
772265861
2134192554
1832870607
1958087050
1319644999
975426899
120226786
913595262
854166424
112118543
140494539
995590675
948883521
778474069
1194304009
1708988965
1719333204
750252824
1914123545
1344936795
1256676337
1415926906
69208682
92772017
808847999
1896754236
720405347
933086742
1611081179
832450022
1108999318
235863393
819158929
794386277
46466795
2138803928
1769813176
166693581
904915542
476495952
278812124
1045410081
1472086627
1227695645
1823884150
518906988
789200962
1395733707
1269159813
555840859
593186854
378352502
1971767765
662395536
471124519
633132117
411666124
1191529867
1566218859
2022747304
2023979889
527734529
111127049
695655170
1322120806
157593844
686975450
944450334
324287425
1591890992
1420946286
603099549
489817426
745549266
1830795194
166217928
1264456254
472512508
1561951635
386132419
1028353367
7654841
764484922
852637485
670050378
1235609441
1485769602
1081716502
279655660
904504813
956980158
156151902
1432239342
1068107207
851807072
606876500
1225701051
1538782523
1551326834
1549988476
983189867
824789472
5604377
1473007293
1570338738
1836399571
1639225222
687311345
161428431
1053693209
1073443764
1189781799
1061348051
1837928686
2042419284
1731398429
926054480
1380705238
665631283
1205710140
137726403
1622611442
1361862042
1569965745
543235001
66185467
29358597
1768936053
1604967990
1580685431
1171440881
440674209
257991255
1177045259
1913681503
1828329994
865961182
1405423077
368157691
1027389614
311632638
1441601455
69687765
1372980689
1132046494
2112107049
956895470
2058100974
1345328639
1622526754
1116327466
1483055042
1097654548
330705861
905537139
1640889549
396891328
934895736
1262341954
2001859318
368097519
286299188
295049879
626088774
1463344447
61247734
306935120
181821981
1466670811
675092811
1209211595
1778303450
2116694267
1278899360
1003800491
1101257113
1243522761
1960695962
1011874439
441367752
1435739068
2128201905
1924422794
385909968
311424118
682476285
2026799517
708315446
1617372021
1141657824
562691116
1985469540
1427957012
857740996
464074667
743817811
918988730
771009787
925639792
238175894
1446102599
2134851388
2016479344
1415313218
1266267100
872796187
369086683
362306214
686008501
1380961122
803673966
2121747569
1361679379
580613113
360173889
1673103498
1263089398
239489759
233935296
732977772
1381147583
796626413
570963664
661620947
1654367409
1035038331
1405438758
425872491
1806048119
183594902
664048385
1104667070
170962642
533044081
372496640
1437229743
1405840269
741583323
1799535957
2091848770
2122544445
455726275
2066112692
1336740176
1036339388
278802933
862360026
151945139
518292692
1096295323
884922911
1899440275
1892921736
1455886575
413577574
1399805497
343441259
1819016332
1825677988
2005730
2002611235
342242726
1106672800
26090229
875286807
1479169440
1463319972
133643428
73269115
1115372281
78008551
48329912
1571098557
2144121243
1385070088
459954297
275440528
99946467
611899436
793733221
1196241790
1496822347
545689848
941679878
805225275
959267423
194001727
1148666534
630800107
2019679715
1150672264
485927694
214438793
109861416
512017924
1089725601
1589030856
1975337896
1223369029
1662299971
943226530
1301377580
1710629883
366841439
1298015175
948216323
826795736
1573455704
1048162790
1438695173
219705277
96920932
788033872
765395125
1038600810
1593259147
1724662548
1232602537
594442033
207979008
1104798605
1745114297
693906702
1319237398
1854975713
1205924626
261479351
1296522921
1033778875
1484848381
811339244
1977005405
638742313
374485479
196363196
1936757489
1322701803
1023158932
1362729545
223380945
314370457
1582434822
320301878
1102404330
200346299
1358902688
548179829
1925008848
444021578
1142621863
2132987856
1548820183
740252512
679410910
720573933
447744578
1885335537
982053285
1744267499
771630764
319418018
408123096
601152521
958160331
782608575
797515717
747434172
2105310378
1820674649
2110163717
181207676
2135045107
1545114891
501509554
1089965789
1745461191
1860412242
1638145618
1522986391
156950172
633283833
1508490599
1705770355
1373536346
40417861
278860641
1821280924
1925753398
1260913926
1418064775
549900514
1580331944
1826187871
1151053035
391008627
461312799
1948568752
1138442800
419139529
1621759754
1101122869
600347205
1609321213
498754113
1101856759
551803354
96731656
814785354
42465324
1619718047
971735526
675749158
980724998
530022234
2049285504
1021142859
808882875
1723082780
799412610
2069796801
993663907
1349313124
1502645097
672368131
352882512
1893653724
1133680930
153967616
884612876
1552820459
1775727370
1985735746
5684017
1237564935
337006211
1107540776
1789368289
433737867
1922326130
1831833614
2053455914
746578009
360099124
886697264
1276600243
261900980
1907840123
2085483118
1984983760
559769085
2007796271
831164019
1909082210
1362957720
1503532150
114481074
1109127796
489729432
268448690
1993740673
2042549892
2044176061
1831992771
2048233909
1134257348
21515334
1008291037
776141990
455253201
783133520
460491956
361225467
1529711529
820591080
1247922731
658828124
1082492060
1008279206
596827594
919992172
1568048292
457140217
1751156191
1329646854
1820097937
1107204694
1444127928
781742085
1596934126
1712576618
627999110
1492000370
1609269031
312508233
1392750631
596042732
334023567
253558021
1372184722
789276768
1036691541
1832676678
1150502235
418919422
505784110
250941318
1077747546
1588276170
1259220525
1674575140
360784694
679785169
2131715357
2111940885
2009432023
1804329646
1071661931
1306076303
438588083
521112410
871169273
1066587194
2013112780
332954657
1379095427
1258379764
928997389
1713118995
1511937785
153698463
354912115
401145678
1986375141
1505414351
820065100
344675603
1756355669
1897812646
1932951773
868092546
1424904138
146252819
1547877715
1409135847
110710056
1409826090
1065981845
1182371988
568418745
1504569928
1703484398
1439588019
423673474
1569113530
1772542676
1802768902
680009646
554056417
1368404249
44463783
707754880
1723316364
445609461
546646373
1081247067
1265674561
891321976
690119089
1016003559
676790101
1558211635
293424049
823042920
958605703
1702559896
933752976
220948145
621058093
2116124964
789366891
2125628022
1672125714
81471262
401817848
1093755597
1854013938
57103102
1773765243
260586707
1425507351
1818229027
968341587
1001340068
116354840
1514987960
2082587135
1382029402
258826288
625222576
250549313
935616389
35950564
543973363
1758659309
994556267
99049611
544928637
1215504412
720107705
513569954
2004871303
698252079
38212020
2086342565
1100069927
1131967617
1792872855
1157173030
758249213
2053459562
435196733
428994592
874317501
1436536801
545349432
241821813
1371640289
1927378834
500648101
1996862865
30444500
1436264490
2032813429
574417863
1047440151
879886048
673467474
1592368789
2095390461
1393575179
2105938743
1952778116
2091827258
2144150763
1891637034
1044413538
1128634733
1537026241
54102920
1886883946
1443002156
489299653
168394890
169836009
1925836455
713744322
411657823
1149993096
493639509
912305924
999372313
524084009
201086767
884702095
1098501872
1248526918
1764588143
1771969346
693412059
1712494956
1018060878
651867154
1517789425
962404488
648534270
1261942811
2006818026
1777169003
651485404
2060920946
1516569301
2094487560
402736952
1684964191
116839922
181089759
251224865
528497745
1331082855
744864374
1440803669
182971520
1268948383
1641890436
1067673615
219966607
742933707
684778111
1991935954
1436345766
249789419
862513184
2088212921
1767578844
1824917672
589263543
882038007
1684252051
218948898
1533523412
1597689349
1735518199
1480527324
2000426301
1272998742
1597367246
34032412
1524223607
2125864991
1365115267
121604334
1419185013
1548086788
1390552717
913591801
468276755
1610519325
1656525508
1153054866
1454971631
945387627
1402844286
170001167
886116900
1022939482
1994918839
1475380443
1904977490
1531687242
1694329341
1291017254
981892944
1282363892
624060930
834835597
407878986
73944529
868868010
1932102593
52325872
86499629
2053706927
1471510885
1634586417
1296775997
237619039
2102863173
759811674
1894144547
1108434391
67299657
692048526
363795029
237300824
1578165426
1386734512
84736015
906062221
1144228354
1616423258
452907914
287761960
450832554
1735271806
911822890
1285668151
2143150792
985767419
7052513
1927769738
1038093292
93552143
1833993017
362120529
1728138560
983285366
599739568
1683518085
1743097040
346400468
644468829
1810396697
1038448994
1008263858
2047697521
469130773
247514722
2132433537
1375192994
1391743076
1601373147
1828100909
1679505036
2052205701
1415889067
443844279
1190390204
1411556212
1429611698
1197442718
1191842302
320221342
1290994861
878351671
682341872
871649773
1861637038
1282081440
407684211
1457250430
1628481908
1052153040
1120163480
519447255
2060416898
1020377353
988578028
160447973
1005327242
216287374
1552191049
459216741
2044388283
1084212438
363938794
1312793703
1528056717
1554328999
576866267
810184767
604288069
1768708569
1130406110
1895282930
499576592
1812747982
619449055
213729982
947345774
1027133266
1670980413
428344035
2079286306
643660245
947791290
1992219557
1664037598
1936369318
5183882
521881193
5173044
1557374931
981097934
2049561328
494103721
1345036729
1214871383
2022160438
751882080
1791737650
684861558
1356170149
1412962571
1815267668
1103969431
1912539163
1480532002
1723418486
2126269146
280394128
603068105
1649765911
708738163
534870763
145942508
1656529453
379606672
1809980106
1445415123
384790554
184377651
1450588168
1942165486
1165475586
1352665848
288785559
363028667
420053583
163462350
1114910747
64307585
848323908
323597248
1477270156
516107928
1427566679
1242325671
1996639930
1003501517
1221111169
129550410
1606569622
723393432
838288574
2141440386
869335940
347334379
373563410
531832399
1792749503
758353965
716210050
1095854023
553035803
1881685636
301036223
841821362
97230655
721089806
1005283712
1212141402
785397391
1853607620
1535738650
115183899
222231900
815821681
1357509570
71388182
1819323199
431137092
200938593
1278409173
1154530524
1039227167
1272365911
2023866465
1386561546
1645929322
408215216
1031827401
256799639
1124425266
2127681424
809835442
858627255
281233999
1651656804
955857910
1002323805
509456869
20515665
1787721196
215580841
1556254315
1902905095
437812742
224592349
1112931018
509200924
2043915548
1544068110
710139517
1174841073
551114986
1749366684
299723337
427497803
988444583
1945652659
835713019
2020271984
54968650
1960138286
2000469761
864804092
671281893
134220112
368977248
1627139803
1136543918
878434117
1647655468
776781466
1094014959
1056426136
532202914
1531827701
1281018485
1645133932
2041028625
1177450385
1041718394
603684495
204807810
1592833380
205567531
504531147
2020331184
1194012114
302700158
708560555
1066800451
357668808
521215193
919786564
1222472900
1192497086
1054006676
1591450149
672153242
43066946
322400618
172325062
819848413
1416415577
1228751198
1352051327
800759630
362286035
849701611
694304608
1539736420
1891420005
1297989103
1744544231
1336769737
1503556634
101591730
1209617273
550085101
404291889
1918177829
1616885552
761960697
291909374
389188468
1984433598
1484406461
1443195144
1428400099
9076055
1486262091
1750800717
181401117
158626856
1019732647
1410152316
1510678183
1820492277
1772438351
212896146
367313237
1164691124
2104316151
1665302340
761751707
1293602240
1021375327
863343437
355735866
1571460428
1267635326
126430047
1040862332
2029596024
418339421
1430050800
1866545974
1902745882
725762296
1147462425
1911821937
64540739
750779494
2093223055
223167595
1770512141
1355891723
1733845778
1443520771
980846426
1946741924
1810834008
2145537550
1903574427
1328652701
759805609
1049693020
202544380
1623149047
1405428886
1774004808
743300725
1531858933
667383492
625413101
1950198354
2097434292
344475427
1705460589
675712940
1491937852
1469798878
740253680
95233699
1415538285
963421275
1865745840
623946360
549783406
1161782963
1604792787
349041682
825133324
1602846689
105132462
6302377
215168651
1154825482
208846757
1838317698
412770720
1982851565
434134775
1944629653
502751409
1059547877
1747344359
452702053
1404023304
1305321300
1128414993
748477509
627636531
1868668673
843711208
2043174816
684606301
561973400
519637529
1234389707
1723756364
2124430316
1583431389
401406040
1579793357
1688563851
407708417
1794962008
695905685
616555174
1485796058
1108676405
451923091
1919930834
905822410
954674500
831995063
505683122
1407376553
88534719
1811004422
388307898
837012228
291157305
109492924
1680723436
186848474
794099225
95213189
706486003
2028488932
1818969553
683432671
1464436673
72891945
115742380
1005516877
480600362
1910704389
1701422562
1097155536
1249016799
662615320
1549078627
1021463985
1568437730
356269479
1853459048
2074120852
1763646032
1941993768
1737641627
4470282
631522348
2028798932
113963206
164762137
68163758
908062431
259975326
774649761
789067715
2078944879
1458082432
106020741
4353176
1573824813
1111537618
484953538
1337045554
665476532
1582109074
438578705
1328091852
983704053
1460042691
749045935
1339973532
1166018091
675683139
956135916
960528211
265841118
960606198
1592050560
147156403
1074569405
1756812697
215320161
1982631836
2016788023
989969923
624215904
1948249254
300568707
730236645
1952602430
1874393520
1841774263
290072320
1063955426
359767147
1872181394
1502534132
1687859000
708401799
815093175
289421287
2048375331
1981111266
965104426
857027599
794155830
1230945545
1817633797
238722742
1378101948
744719554
1995535439
1593422109
579867743
1864839814
435908384
1204083647
1665605420
736477092
1934320292
1470724202
463386964
1628610907
1760796522
1527342391
1988378054
1485494268
882392875
1528753406
46412419
1697486050
1818174693
2094787750
1531113668
635795472
804331701
177785850
1866741017
474481850
416508592
1097359317
1219201405
264560383
543297778
1799069148
2129400197
979206163
855669147
1647521969
1715683255
642505791
970762523
31586571
123633050
584075397
1558928962
2112011104
2069569665
293838189
1493280863
2115982084
1991324239
1163971908
2063286186
1374954260
1799767380
720134239
1552740110
1519024749
1194616090
1969248703
468900418
266333847
86325438
1012198197
2065402995
68241988
1991404360
773588494
1715763957
1559603967
1416094285
539042833
1591190538
1539727335
1123118230
1002635853
1504254791
1045204248
1296474042
850052006
1013702684
1140314634
2014023915
929505223
367785246
1666307647
1649639462
1920525356
1037848749
696771904
1742290411
1506749167
963105751
1828615850
371463716
881025098
1896857838
215384428
1654613592
1465138147
1774988395
923224229
2004180980
1218695286
315467916
979815563
73847491
1819722708
2025019811
1370321533
522291066
891238847
363152519
388831333
1820744070
730937765
2055138981
1322899885
503979474
945504082
2019671789
98786237
304769601
835293893
1927402087
676233318
1716318991
1676776277
891617746
1223448936
994430777
519122494
2146673165
851128109
1737817780
314657434
1830943672
1811665271
2134380142
1708479835
1034503156
509187560
452235035
1397655676
898018894
125495457
2128593441
805674227
1448395342
485089267
1751178309
1320583484
583875505
2055947910
8393729
363793944
584697580
1724712720
2040570222
1476315327
800678008
887517351
1995437821
799867526
1738645460
1585771953
1114524960
1422105485
1249953576
1101421454
983101672
136973084
1610609014
1435336707
1534628760
361144260
1560832165
1515738554
1166818487
861743859
2000827821
770513148
34843695
437219678
678977411
43237424
801013623
1263674991
1767950145
694100197
592506670
421144505
1581617548
440460843
1221012031
1172779360
2026232796
188053343
447401197
1128702724
1289474797
1430502870
1265675809
752600164
718355929
652820921
1113744424
131704446
21075827
133079264
993448306
2021903649
903592412
1028292001
311639679
1582569823
1071529426
1112653302
698761167
691995923
1806753499
1291267837
1113140428
1240887399
1731728681
186668812
266183112
1610477829
374722155
713584309
591696906
1664196953
2144087179
1857372715
269313469
714959461
362709988
1383057893
846663907
383785816
1516137157
1840112213
258205817
272245922
720920567
569845496
1854815745
1792449993
1682498799
406093264
336962268
1341768650
1697361102
1450102696
435172402
1281606135
1636771508
701355514
744600316
2011493664
1414939823
1336297222
1528206969
1411543355
1046186289
1797520438
2126502816
1408896278
1033094683
825683075
1792682094
401748193
518311641
2050887911
673994115
1239232208
473249759
381326212
884198553
8264910
787419477
1221160821
1350033561
337296931
523779869
1785205963
1618903066
13067730
339077829
216019734
2024561394
1754017652
1552316957
1405284715
1018077359
451019598
1055321505
997096527
1859915876
2088416188
1822779603
1505114322
342680733
193607596
1408518585
1016674848
1432839804
1881768345
1398001061
169554709
1890033255
37936890
1390715530
1092583168
375233821
1914495399
730305483
1994136887
1927563129
1069383312
62672973
1804640875
675917317
1614989930
1062441942
1693994676
2066009529
2117763447
543607556
1778441757
2058695988
218903511
1136072432
253893073
412511107
397107369
1270567922
1845350911
131392066
521085335
2014905620
2021425322
559022225
1258137502
966524842
934256046
1025149253
1696830326
780909285
805228735
618729990
843582258
462385962
1294647307
311088541
1524827905
841158336
229614422
1495107704
1384765892
2008056179
1406320044
1603669403
996644963
1660213118
2016180510
1393752333
783297392
1714047773
1525144399
1304382727
1581469745
1399086073
1863404952
692123599
218127268
650177350
1717272852
1914957594
1431086635
375017939
386203936
127185245
837403902
1680851244
438273786
214748159
374525932
667888208
1709855863
1759291824
528460740
968692260
1215477579
1525105703
481421730
1084174441
771374388
1264719122
650738566
149035140
421618201
84724663
1548121213
137539505
776848262
1766248481
787716855
346637466
1533722427
71319842
721655406
1919926364
198505087
1559059308
1453293960
636778874
1773807467
1827819892
1304667082
1336179682
1439628068
1833127822
157388294
507621999
1210749878
638810024
1591796440
1982124266
1903529146
95051358
2131159406
177663699
179776021
1531796972
315203204
956624283
1150561805
1102920059
1303261749
536800585
1174239901
2024917155
309243301
1372744989
1436492815
1762537261
2009523863
1062816634
1442873505
1166707297
251512669
735017925
852351472
408900963
1242639924
2063101350
1047710988
686952716
1897741968
803756486
782004074
1881417727
981420186
961780095
1265731051
1296623390
1918404378
268809208
252059802
1074182479
805609793
1426299703
951615987
1114853094
651561044
240625154
729906707
513601259
1303441789
25296564
1680308557
1554954458
760314489
385176381
1963855421
2002954413
300794083
864082761
542423481
51052403
1667839248
1324427555
1932470130
501775786
138724002
1050717533
1798399176
2057128380
1319526742
2050458978
983827212
2125136535
1329275034
1935443199
1092505982
1980836078
28584705
1822412689
346953690
1332026494
1847709254
2027262247
739497304
460540095
264954980
555869078
316010861
565749063
1419951839
858434342
616801466
940307439
35378250
401787949
1442083225
174102252
1452505482
1092998754
83746985
624548576
995974084
1067574197
602201464
177765470
855533748
1694707446
11117901
884118453
1369636487
358071591
68661300
1069862093
237850190
808158604
1530402189
502805170
1364027682
1846413050
1068554233
636495874
557363744
1685355699
1576803313
592741994
2087143648
871402891
766844247
1392165483
1964401645
850591232
2016714059
812892081
1918165429
471431875
990657552
626215529
18655673
1001775453
1510333982
1388292161
1359847044
1578995282
310670606
1597697234
239670239
1841072795
2100502404
1603697921
1540002197
1021572989
92710147
2097365942
559445040
1669513461
542624288
499105041
393432704
1309468535
1891270524
210350701
12576119
1760500935
1023242782
1930741548
84449163
2013900334
409473429
103104836
868192139
1919807412
1491396997
80555535
1351319046
1802067604
1678252769
1590989285
1495656751
1631271525
1047203559
888175301
505360866
1139913706
838057595
1064805907
661943519
1380681883
1563910948
1055376223
542666771
1307697824
1265726924
555242890
920715111
141486059
338500791
1005164274
7902745
747974220
1108269111
876094885
520297984
452182460
956650420
1871617031
106766416
487419542
1315122668
1602423168
2118691067
214842579
343114821
476568286
1354756286
1181172416
1541374193
2016699805
414370651
957801493
924592381
957037422
118015669
42835657
1512280313
1038730780
184321716
1850781104
2043895055
192224462
451271676
1004680518
1068319347
971569661
1456862978
2024969767
695703044
1563629395
364905661
2010825712
1018568915
336113081
78184644
1361683736
812681367
1432940930
395372504
206571912
1302157087
809743155
1164373405
79265820
1766780578
1282389074
122101478
1131577243
173636206
306423194
834874699
70047613
498647656
1286146375
1074728131
1566967003
110232388
384107462
1444453123
805935432
1947736857
1809358784
669277497
818822124
2145471865
747462141
33022212
810669584
32919423
428394716
1017241496
1335076510
1238137871
34131253
1414342331
857434801
1316520327
1536443809
1989012044
1490156534
1842867003
676403095
1560204147
194031012
1962549471
487448631
1760998015
2072781859
871556093
1057967490
731233644
671809302
719842627
1400511141
1490631426
717830844
489634
1523653638
1528500429
33409057
1952048354
398258277
1368485567
1042702577
432389531
635344250
1900137379
1748909858
24304411
1741665775
1091582744
1867171415
270585223
504303244
2061202427
85651046
991751875
1674716794
10949257
1863307968
585200637
742182901
387633622
1305043264
2142694042
1878265048
2022874108
2143183676
1254435038
1403890889
29109085
1058999744
1802149167
1397594653
2101702321
87055050
2032938903
1854356052
1835964908
2057243315
1448538180
780064005
1776931082
1719123403
1284367249
1690649861
1804774449
128635476
1217883007
1815723706
1991943444
1803083644
410422960
232093418
960643260
405633354
2110358466
836033721
401333383
1217309856
92440962
430442468
128825952
1894590129
1828037121
83044625
1981645179
1713492377
1937400678
1670126440
1623252044
1238455210
302706797
1252699478
810094965
1587074046
795865691
467385766
1715709522
2013748698
135625824
1560169318
1669348695
546048784
1792262736
482508307
951682139
1755137554
1318542028
1353015522
824963762
1410982991
1783457990
953789714
1158089472
1464011464
1036834339
992251004
1030020193
826751369
514893796
505788589
2065206579
817600593
1758488067
727817896
257190991
406870110
1195203662
1972900513
273135160
1330829487
1385586183
1942483855
1876878271
1030365271
277508515
681076762
638019177
1596050543
2034092284
1462982939
859549886
1670066627
269289005
2017639359
986594443
1306123344
862406715
2016614636
2132874714
1377300511
374919577
2050597645
47417456
2133407644
630931894
304608447
392794106
1826135556
130025312
665929266
1009481395
1515611495
460929474
738876019
398493118
738437989
1419952781
1036512295
187004884
1306561418
352011586
1046554771
829144397
621300591
916710482
1815738840
1927423935
1779117197
1684869828
1912815001
1008934060
2059789405
1815928999
1056351516
2045713401
299377245
1360959963
291023859
2125512801
1490985275
956953125
987510549
859113122
1417882599
1726386568
1257606240
8836940
998855701
146634887
195841825
157933471
498646473
1242396596
987077868
1119947064
11623430
655333060
899887351
1790740627
192719240
665218705
652191039
105024997
333664056
1708542555
3254750
633041301
922018870
294278609
611070454
265520497
1251231735
1598581003
1124633619
521630686
1177483923
234756211
530467627
28855977
381391098
726309452
186789448
880037571
1968706048
1173867317
1999984635
1980329478
1829200377
752388338
1623586457
2021919618
1417607043
128293848
2126944615
1751271099
1836836403
2130199366
236828752
611371625
276994327
847899207
876892122
1528226062
298996562
2001525741
2049856749
1476480486
88798304
432840728
1505336463
470189402
1159150180
1692125911
1350226973
980372580
718509580
1202727960
813218410
400226310
1955116298
289321219
274662280
1225239694
417615067
254123247
829027145
106967822
236838965
1065855898
718339447
513833293
1913755105
1595231569
2042059355
65268019
1449273662
1944432456
1541748505
1538071966
229789536
899601320
2008261368
1388939716
444243584
1211004693
221828648
1162753164
266249005
1035047058
1562979474
73881655
1324368277
1837641754
1299121349
1741983344
2091765002
2128148495
1848951166
181120319
1046520745
419806965
694953612
812792202
2015038534
589529320
878060221
1316828548
386478128
272325079
707416866
616267665
1171926399
568194586
2005207381
1616169983
1779199279
79552382
631439500
2045448284
1114599440
46935326
2119329940
291484070
1884577081
1270967641
2033467414
1828858435
1251632488
1734934933
2009978754
150669585
7258250
557448719
963461787
2022296785
1146978039
1841522009
1191641685
1533456167
2113847088
1899058552
2240184
1138289839
319769490
2007447566
606976175
2098968770
2086999948
1238415675
1996933406
1054115740
1285351001
1968779698
1345599810
1022444434
1092263692
1231583577
703819221
196412532
819034862
566314328
347082118
826293112
1123763047
1310543905
701106249
123257438
1004582266
1892747935
1656713605
970945706
1644322839
1658953790
2109235546
1964092329
1518917708
568728073
1915577451
1458434008
1807143748
1765027210
365066100
945011101
1586323260
1710665911
1967455536
531103304
794765840
523791109
727515837
1613800702
1090105437
1074597955
292610166
66384836
237658212
993716416
189642274
1242240479
738980703
1846355880
65702537
235819894
1357826022
27454435
52428575
729260082
596182508
1968006027
40210442
255842608
1585549589
405276542
1200853710
1024389201
2115942453
1020825598
1555492506
763224645
1544616707
135524695
229541699
487238497
1210122650
522151866
553623333
1447780862
1515868282
743265608
542537693
107365337
442137840
608240231
343185231
1799963862
635694666
395613806
381740296
1231877175
216136185
421950738
1487719783
1801685774
827227280
541089845
678591328
795686086
1561915443
86600186
1558910731
959048503
222124881
1788452431
1446287000
1432247531
163120649
1999910333
732544745
1678988931
595692293
1275082439
1786354268
1037830133
1883322670
2129539499
690310347
371533688
377669657
1072050643
1603410863
593805843
1494001381
943646999
248007969
173745014
1484736844
926599297
969431100
899168640
1013199483
380858183
1858217143
1235324364
21826966
1157020495
520088247
184947615
1009447180
1252632993
1863936546
1605139474
380231784
1502807166
495485959
116070806
1484863017
1185796307
487604494
1862532675
110363302
2091015358
308854870
1604364684
887178709
556862839
1778109698
224431905
1483462137
600057150
1123600545
349177972
980915333
834334040
1584502337
1002742300
1991354535
2104590584
1187689915
853318068
1209739929
904142814
310973894
1589971713
259466332
806459853
1706042519
1744329350
1992256160
46163366
1459378377
2102619463
2137178724
1768233247
1559500499
876873785
177612438
1190126549
1101305690
1661074575
1790183699
77422588
2010252548
623615384
911756628
1447271237
1626357684
755627516
1404378173
666563952
1608945584
466634455
1570706766
1919919478
2056606168
1830173098
578895683
1615165040
1427018800
423668196
1661328406
738913529
378804011
1651023482
359663128
1938304510
380413619
537275567
980947411
1481719309
50866494
623647462
1559141897
2061119042
1247262846
323414878
1360906631
726136883
1079042394
617801157
1392700835
540504330
1084435612
815923953
312940160
993558132
498613403
891835843
461239524
1925632204
1315504039
2122567930
517062085
1694308050
1626107764
876725214
1485128912
2006521383
1414000781
318592675
1340757045
1464867275
942240137
752415294
1378502670
42019336
1075830172
591925653
768156219
7388918
1209726810
13373406
547893248
146678774
829297359
860833408
1140236907
1327910762
1752669252
1601476431
1106059318
920689643
1576560714
1623121404
467514046
1055184830
352362970
1952642958
914222566
1766363751
123751986
107495963
1083747378
1065992123
859911257
314766400
1108011459
1935741430
906692054
1876167678
1943130348
2116418864
1889541084
343539949
115613991
571354795
1204373357
1255850898
1899265558
809558961
709843681
857841228
1730248605
138920747
333478984
50279003
1194105578
685841954
2002921961
2108328144
304722057
2126673947
68340459
1388469436
1045182423
928251716
1703235836
5710234
716509498
462444242
1881877913
512156199
431379459
1623935349
855696148
546993450
47806497
2060069505
1802844348
1947072055
722144819
365204381
657429635
304909776
504125129
990908620
355188779
1698230707
1676750574
210627092
1659075203
1981472632
189817392
1727415662
1222458420
1234999815
508183730
778210608
1240710049
1224693229
1240654851
975104314
1736849428
1672034310
451556016
445061928
71544112
499362513
357647785
1874388460
298950920
1079792604
92109193
956380555
1384702380
596234322
1947289175
1739891159
146981381
1476556102
1950518252
1806056584
1310545086
2140335644
1385988598
385519858
1227851811
1894172329
1163730466
321078212
971381910
256901669
1296182527
560747690
1928935979
1747738543
1005809618
2000480091
99617408
1363457403
1727384903
398568328
295766360
1819494097
1354948883
1680468740
268244771
1154754411
1272876252
415226153
483826865
1075910856
73799089
1794371951
1068762852
1459787688
32408161
149131015
1206476369
1196138627
470209227
30374631
1453040297
1766391754
591122321
1234492628
1366646649
1596931939
1087489072
1466264057
812905694
667390327
1864832385
1108672054
339400776
1072297621
641657147
607645548
79568384
1914533399
1022871701
563395249
842960607
1096670790
210283552
1911723459
408974830
242691713
2060854474
1615451199
1438830340
383580053
1645825830
744386989
2488160
89464503
1978879618
1369134809
1686396442
918885042
687915219
351818489
1586275369
405263956
1460490543
1925676146
1477561577
2102147690
385838046
1557129961
1869197441
1408709747
2120525210
564674400
357896889
183325114
328914211
766871720
426016827
242285037
234839271
1864847168
625865091
1880665102
461750509
628353251
1970129605
293146479
1997488060
1509042400
1212031521
537919631
1860860889
650823243
943183588
1173867784
429015741
273261517
1128531827
814853787
1830391479
850245620
76079886
1803433041
1414920021
433976775
1986758156
1743834232
1200848495
265291335
1986119270
1435687767
2130138503
464500713
1168869221
444405365
1092853964
991515178
737551844
942858376
353073930
1949583366
1480778008
66451171
452922961
276477948
1240318956
881938702
549739465
221367135
1696792489
232647296
1071612755
1772872375
2036080338
339049128
59365502
1875354846
2082883361
1260213998
2140646181
1921518983
548418117
2123301037
238536048
1717287338
420222754
1331390012
561318868
1157774598
126764740
914392799
959874316
1607542748
980843970
1412797277
1884020696