63637709
1103247881
1237979080
614357360
815850557
905535126
1093622344
136183115
1349158318
28356826
554160772
356482266
163207514
112065851
430973873
39732784
1759990780
1684553426
945313844
1897698920
874944016
615072856
1236889754
995751797
1858026919
1242220630
1211989627
1218971277
56923111
929624383
438210234
120560820
2032872264
1676189315
734918181
701239174
434240793
1828540525
837422289
1783399111
1856897352
1391583062
2139881378
2020104866
1503648913
423371603
2059837650
1116156045
2107925029
857667846
866371318
835385397
1472740702
2103261072
1831137195
1183283973
1197998054
895643174
254771603
1254921166
1825267557
692981837
1375481986
1710656174
221687504
2110400167
264411700
655928298
1791457045
1101833989
291843761
1500870749
345933403
284241491
1373491967
1849582316
707613095
1285845970
818254714
668054476
2143513816
1684626032
1503439874
1468770871
1640403456
1187093421
504571196
690917863
2082736595
759342799
1945839029
1760520505
1452324637
1173837367
1323693031
1674012141
1136753887
1588104731
182456791
780727284
542455072
474300553
134114385
888388476
758542044
1507606352
590487144
1466155139
645968674
1408741858
2134209616
641998843
945884242
1490165842
2110769714
438804051
529775615
467857262
1129721914
465028562
1227200062
928077295
78065419
532041051
2101914662
1401758450
58569544
1091184901
842379533
241026336
1871912185
1384834606
715326889
2006026570
125739434
1473868933
1366149275
716226578
792540425
2012117949
2124968437
779266393
506633144
923369031
121948587
469919210
1362173082
651724202
937776473
344411348
1116752764
17492887
1272488643
1194818184
549533938
1226919658
449092986
608103482
170620911
1291472520
849129818
2042533097
528823478
1564456707
1901076019
654562912
890841993
1119741646
1370789490
1683382418
984375948
1348274279
315165163
1491009092
124159663
437113750
1960928303
1486332745
1088837952
751221128
1830744094
58107068
768714015
955749089
1252925252
1318247953
35185099
1702018239
1926351435
205806011
846007111
627997606
100855460
1374830589
44970665
2001931479
2029393501
935812658
974189478
1252699343
471711428
1958565426
453489975
786876591
1302090870
577649638
1223990341
1115535525
2063982383
165344645
1866756653
1747242829
223451714
487987020
555508271
1476376966
1806234973
590693370
1030911557
1585102761
796499381
1876918668
65616719
897354841
1104265609
110587384
751802673
986175462
1046400043
1725992151
91391158
1518111471
1537073929
544881133
157504415
691681151
1122530771
1381494756
1807216677
1039029506
1546839402
1526489682
638788688
1770291116
2014476703
1194296959
1099184434
1673228028
1784990329
2130095992
1110847141
434006063
1859531012
1176463860
1331360904
816312974
1287051245
2083163577
1802488436
185967640
1661672080
1893879594
1704079111
1051262361
291277079
1861583526
1742943513
1413807850
1095594635
1402676542
305353709
494950389
781682576
944142397
117757857
648675631
2138439356
1216942291
174420012
1775946037
1199554635
1285267153
62468452
911602000
314247366
1393829357
1727914974
1601298611
1329509286
1382919762
1787266251
843697719
1129315709
1343861714
1894960080
1420592788
1057961593
1490419945
686916991
6072580
745612839
992270700
501022969
1527295416
1936413097
618780826
28487399
1927368805
1835723117
202907411
1555831194
887794105
1488174565
1618299647
1799396105
1802421931
864645356
1379827431
1256236894
46670994
615263545
896019497
890368713
1744579254
92397563
637845146
1017688395
1150359156
2128265091
1704605386
1156431736
726394283
549392438
1657454705
106206051
338321887
128751883
134693450
118207044
1964475001
337600862
1674038238
704785458
1825775427
1144854237
356697915
1480713710
2009499593
1736525346
589466956
2056170588
204305243
1485486453
799055653
1948884498
1577884016
1436900799
819089245
580759525
1417682243
376210983
1737191261
2144076526
925603421
1247162319
102798929
1263925308
1375914202
237492379
1382132352
1192905555
575093241
908686942
1897691013
253385020
2053541180
106905280
1734098730
1915557125
1843430626
176082038
1824244065
2047735870
1661568491
475816071
1849136720
1091968860
1912716870
520742317
1672728385
1182915465
896953300
1262435998
1179508343
1822556721
362114669
1282307272
938998381
1738028872
1519799652
173647085
783450779
2094892893
1082334027
533658145
200794266
988391559
640563425
1934892996
756465037
336510404
2110975035
433225454
236762626
1625059878
909041525
2085899346
569545090
674274748
459158015
94789827
1857190213
1356111315
1357225826
889214909
1031184388
1719340495
24038533
1970182769
1309885719
1543838185
2143829854
2093336499
1491247431
1078680233
479510996
1692041697
2067071793
1120074421
1479451045
676053182
1456584825
1442942432
1109278636
1693347451
920518663
2018320162
1631763149
1490063753
545111262
2090921164
1584853581
254817827
1299548831
794595759
1144032736
183249571
366452606
1168071270
5948692
1676338326
564425807
2294898
1622191177
2055673238
1080975132
2101702173
1600231287
1000563277
1074292946
932198685
1676616459
383394124
227657469
638411447
2076741575
1148176132
509247961
1561021077
490756238
1054359223
1504458593
2075609819
1309177051
656523777
722721930
305726139
839773348
1089174536
1473797409
845722041
618029214
2038223217
848016939
92736743
1946412807
1928992071
46955268
1399160447
782071700
1121248215
183875484
311204511
1504642339
411532953
949615959
1433900266
1559709086
1458863920
847437695
2050465324
365739496
204412641
1978591495
1674916547
860936418
553829777
1980642686
1700709766
1643004313
1306956448
398948159
113549880
1197696017
1246965099
206286623
996625176
1028473522
253241892
248301975
1810545223
1374490107
432177459
2121749734
731648798
843710413
923882045
18065416
255935851
235262318
865503112
158917527
601001814
1069915753
2137509022
128434713
1930852171
543855151
2109077399
1484078289
39375816
1268550199
1883026449
152925696
318762568
982507900
359212320
1315387745
2010981422
612454212
1563689720
1674042997
1986944319
1995867180
1648309084
571109469
692093945
424707481
589174885
948029796
659969799
1454677997
1106947323
1260971613
377110102
1096972697
1389406326
160478625
1640827848
1351000078
1644556915
1680203664
472066629
1380099716
1833129361
790829198
215123968
44858033
2106216943
78621742
657312245
1522423015
1752664740
496772916
1370806547
1253490176
1067882385
2062900492
1678197657
1657057270
863446640
190683809
964251620
1970393963
1451655422
1341361722
919883012
693578101
1501840348
413227212
2044578179
998913615
2093430877
369161160
231529683
1779076590
1159990358
446653651
1823934623
1118723653
525275393
333763220
493663021
130456485
830536136
1864469568
1383946661
1898418521
1779886413
914660671
1407992143
495849405
1105344480
224760115
318759721
409516254
1566121838
1238642733
1103094355
920478538
1651869946
1000188886
1919392153
1597817175
1369350047
3438188
1229410117
381856757
450091839
905861092
1500580411
975367232
1239624312
1994243432
1105823718
2070160448
1711229352
342286731
1821095321
1343632117
1256947402
1081603816
1839481523
214808234
1306363932
10757596
624324489
725002122
1249400329
1727418844
1645480660
753786627
580124083
1417389165
204120154
1949474130
1420827353
1433530271
183847239
1870919192
191907715
1684427650
698802776
1431532027
1531187434
1804626494
1354208827
1094933139
2146913226
1027820500
291081608
1256376980
2109424317
2130563131
1471185215
1268304601
2141320727
2095509704
1993306723
1243237409
1675444900
1491303735
1997024036
108085335
761209252
53660543
2057559465
34552957
1487190814
93923057
1905472149
1679098530
1778350707
456791277
963146909
1162054494
113934124
169872089
109503985
113363702
1197692589
400585593
1369740682
1159633258
383665077
693442249
280454211
377502156
641468305
126277286
1620739565
169429558
1617581021
1470279954
277514893
231306625
1523940497
187590711
265859582
863647663
281513768
23848083
395262545
2059864475
480639361
1358409455
1074435321
594573485
1528281544
1183939306
707937187
578490485
1584524900
2077677869
1738123744
1968189977
623636471
2018577955
198208485
1265104776
2144855242
1818948051
1434534334
1614952615
1141744357
1712049228
1846259241
518201206
1899639939
2112118823
1381848869
33670059
2135966907
1777111415
2093534534
469122620
988037222
1020486208
1063696105
368835118
56941866
1771633292
947325603
1641466766
1701827513
537965699
1462173095
177980336
409060007
1660381581
1443085113
406431601
1331845984
730135799
2021384216
326106693
294701379
1720159809
844307899
46857670
1684794985
78673120
80527729
1673278244
1855784535
26578616
2142400864
696338109
1047064824
1058613321
1065173227
1104006690
682762965
2012498831
597989809
237106830
402980882
2060162904
415087167
812040889
1573060837
1858172280
1218472490
757423173
440824431
1092373059
1083529866
735525811
665049220
1927837765
782383481
202360557
2006510886
862911211
1875638801
1714811773
889489827
1870556017
263666235
1936554651
781685690
1328839462
893077693
1464448655
1193854645
1491067502
1701555486
1596835528
1403746759
2116642653
261392769
829323948
1827331285
1479865260
1586747122
120672068
424754671
522793340
856197879
1089803891
303147458
1638581361
1292164449
162174696
354008924
1020319602
1876986469
1243498751
743391972
2140652704
1032569754
1525077662
1322008519
1925647447
842042670
368379516
1269231302
396114508
1965215044
525494413
365273513
79124166
1354818361
45121150
1558989426
794081835
165793218
1983744097
1316875176
1021991098
926064340
1620022634
513088811
70745141
1782197330
867097735
1091064744
1511700151
2110596486
1834456716
1504869208
995682592
1212050730
679394079
773846391
2054093400
1047773595
2043077693
302724260
865504992
421088458
667997773
944629158
1775906820
713118923
356134936
422505007
878912142
192395385
1739380183
1900903240
1118459725
1211919169
266508403
1189204867
846632851
1133606138
132785963
210849355
1096718976
1967242679
1715718563
2092401568
1031809761
247628994
718764311
938419514
1295402589
614358357
1241143774
13423933
1035446815
1909141548
958053091
663869987
474776823
1314188027
1086374995
1353688965
1506583412
678271530
1107108557
477559490
1890190700
1373616960
1666764357
589339903
359739450
1799550320
800189258
1456458426
1619309351
368424173
1401376346
503635464
616053167
2120140658
1442054978
1911455757
587015367
535715105
1924879690
1622462182
297373005
735449134
138848522
772149828
2049637161
1225223517
2125838794
1408736926
1903495047
1085463703
1886296416
1646202099
311597016
1405577125
88058355
671336466
1057643797
888247613
2127794893
529469500
1256671787
1381687591
1033104964
1872724954
1354344601
327676295
1636697063
1941359968
863391400
1414093106
1416338503
1160764405
2058592
1555187025
1932914233
2051695753
632926894
1911269379
1312949031
388938293
849249435
1051761799
2035140393
1160846451
309855276
2123198748
1832182917
1367499073
863962713
1812494162
1896968573
2120634500
1046698106
782589890
1845875807
253559059
1110266185
1335089222
47435380
1973657585
601698680
1463773883
986938342
603757272
871477260
772368927
507969378
1504404154
536154659
1820918409
1893342447
1385404094
725196561
1780999192
398766897
1035051837
1756714292
83466166
255067263
473193358
1895960329
4552188
446344210
795174787
787142078
144736369
1048733846
1897408263
1479825592
1096169226
1723582200
2081524272
412459461
563036894
537797897
1283936721
1335405822
1045767275
640857227
1871560481
719202036
386716027
1109480927
1444398597
20231571
1508247824
331966787
1776945864
1591713990
587034050
102655574
1340190671
591586238
548999784
2135365458
1378728317
693736154
1036615657
1128652932
26078098
2132784883
704751485
2107602370
397760697
1267788379
497916619
1681697418
455710553
1543683894
175070998
179787386
115402283
561787025
1289268313
1559800880
582018596
650032489
1891767667
211480812
94262832
331318069
314136386
1434453503
922904308
863136171
1422335314
154148977
1556872325
311467323
1282801909
1582950423
296768558
1987553394
1543069145
694529255
1107858126
2040985765
228743026
1563568679
1437186011
403814024
1743356066
1552588294
965601049
885140731
964905527
1547619645
1535173221
709189546
1759100458
1629436053
1040507616
2073236844
916405908
1963411924
788889367
191257574
2117560901
198278044
502724897
1252879162
1781228467
799493456
1092948909
1176813965
1494022711
53323387
1070316082
1722765737
1616892066
360018445
2126579761
1212764484
1912606740
944697162
2097905216
730028619
344833160
1485594789
1439218165
2103933618
967547194
332242133
2029686814
1883953102
148170409
671092534
2075210677
118247662
869370578
430451926
1371126825
503115398
1229945382
316592086
1679929363
576484446
369915473
602761797
151766535
1986807539
962780242
130862649
1052088376
727903334
1075559811
1002509944
1457931953
1420392971
340621085
749666471
1376842941
1308168279
1081908604
1259046108
1044637733
1230079014
1930138642
972364762
1348326676
652025572
1402816689
571969853
1155140970
485278423
888561939
687586685
1061762869
1258477412
1290348482
1213529405
1097801304
105645077
1344392054
2406032
833548411
272468217
1004915976
143996717
1692861189
1345537061
893663188
922220482
506221692
1975571792
33782942
1550859425
1058167158
1963921584
375740540
259010187
468463509
1778557229
830980040
1623604479
116352004
1719541980
163707517
1178114874
830535744
1454055999
244160631
1928337048
1559701076
1588552685
1930743080
245765840
1861020902
788175408
389762557
1406398443
2133712469
1283425745
181135278
492450513
1111513889
214918220
2043309939
22197400
31356157
271566831
281207587
499819666
2050124060
1112187627
2123424145
18992416
684245959
139648014
1197107290
1514781704
1593704014
1441267921
1295635104
1005921442
882336958
1078894537
1251687282
595874213
1867069945
1641449839
2002272656
1853298767
777391936
35924286
198265632
1888905826
250842507
94091923
1911103226
282198664
365658754
44827165
782018330
268299166
1157014792
757958827
287291583
1841260752
897606842
1484398873
1208558808
343827208
778183147
356710264
1349748650
1660520105
1435604801
453952285
108910670
1155191099
2095402124
2111183327
861006218
725310413
2147107613
1059271850
466732591
250466472
1153363774
230352169
532665136
1519022528
275179334
1314683466
1787321695
1432194126
2072642294
2074613278
1125971230
822765488
1411528503
187046390
1166592696
42228002
543756655
368857698
1702748108
1979361456
822809983
1811658778
987068907
770728460
1775358457
1848075125
1496038873
1774982423
759863328
1962771464
2025448895
1913227102
45639985
410630384
1284765982
320819319
1725313850
924604029
1753013445
1650472496
851733659
731501028
325754336
115778515
918547418
1492347032
158006517
1462304073
1861204731
1860754625
1294181882
536531066
1524929756
133767141
1307259526
1152804565
1981842267
655814751
780303340
594221947
471102567
658268588
359965401
516742552
1068898972
1644731383
837561871
646729174
421851765
443091669
149718023
1273585424
1174592697
475472359
1389363939
2093140115
1967819392
1547370457
1407960541
1681540475
1260641434
554658775
70587893
638087542
688425916
1377847420
1790892108
522784535
2033662171
423711800
1117006482
357281091
1081980388
1476971883
874023643
3395712
974219619
1711585515
650124887
1396071384
7193536
799842910
522173160
1181786233
1275315269
1911537100
1127442700
1095651013
1311423909
387919593
629707840
424581695
942578368
700295734
1062669238
1631004285
2078143154
706077698
6305172
1964321677
1129789498
1123311655
174119120
64286239
452799890
1048142764
67681951
1427019509
612244631
717806838
675607245
619438167
1517649748
1197780406
1801224400
645481370
961833858
781183452
1741132383
125774119
1169103046
223356576
550355814
2111681414
923652310
1613025052
1595202051
854311816
171619102
1601507224
671149845
1301408601
577335231
845268966
1365694840
1030135121
1893411730
1433376791
309670983
358172713
3699982
985278228
977610880
1521349730
35574986
631351632
19347452
997408844
1412535084
1760479836
1123182963
434154482
1983836412
1673538778
398352249
760005074
1139080182
1993554300
1614316890
1310699285
1447577876
137983087
464624238
2024913107
983252053
1830319078
907564581
729180135
1116212221
1217235564
1087352848
1119912203
55030144
2064963728
493778286
90605131
548831712
513125738
1088013975
1961366797
126121926
63713291
248037631
2109958338
1737252069
646389880
722479764
728848603
492460533
189313006
2039547888
1940038409
327296094
356688478
1817467869
1310548147
39523908
577548802
2039728283
1155736130
1794784366
979597483
128164685
1849814510
897077564
621942971
1940419641
1445909276
1135068710
880949969
1259792425
1261190636
944663260
1507830057
1223665327
534431681
6736289
1946145091
1263280284
499196822
2135458098
1155344525
291751584
315270544
1512033003
2109219453
1625818691
1551556912
539284607
1518063326
559809394
186585325
350177162
687974079
2036399835
1247254726
1309917051
1829335829
545680354
297502113
562802150
1805472780
1558692749
1507465410
1165819189
634874428
2041897091
1172555478
433535872
1157693727
1671752301
421510322
165554604
1963503885
736780866
1677587608
1925239690
215115909
1081660872
317040649
1733179236
1641470266
503625974
2083356398
181960697
392542161
1183127476
1491877748
74394342
1728807830
1789379861
637196492
1386796962
1200588963
2144661902
405132503
1835463391
2039075345
1577687982
121515615
1049285425
1101956635
543025937
1214840029
917976872
1279806803
744943989
695732914
1494922713
1826604861
1012773563
1080618301
1320591479
1516399537
1016491051
1502552177
1908941698
52134879
846946277
1983336041
1780942709
488842491
473048885
1020256024
1689431454
470227140
1425388527
1377411197
361818837
855592861
1498926813
1411104262
1957549496
2041952750
478460644
728042720
1174275906
1223404633
1423775634
521714971
902525847
289065549
1602333272
75633678
1805465086
471340675
1578185855
1566923137
523475554
277648485
1402775530
156934615
766490976
1875824415
1177190639
308438782
198567907
455095519
1685849979
560386745
1310688380
1037293144
1971491007
1120754229
931762247
302468003
1848796949
2106038153
1525872637
1125088936
480269476
280914836
1414154485
2082602748
356548514
1072135924
406459775
1934734370
491575413
929935329
64899207
1894350943
1086869944
831390183
1622691710
116576936
1139828965
1821259618
571672455
678195296
234162715
1882360835
1715488441
58170074
855631416
499767040
360638078
556944718
458321545
1886510715
1682033654
938591021
19941903
948704491
873710121
376490417
2020840415
1280169896
163741139
364932180
62621577
228640346
111799475
1149491521
1060030529
1734491186
1266068457
52375846
1408267156
1837740912
730571143
1642429871
1572618100
298575936
1700599945
280765868
798342976
2061238023
837710586
1256664521
1800265090
372260592
47771894
1820206993
1320965084
921482015
49213763
1194321851
54168263
212954902
1559254032
116789840
441595249
1671053507
1266281361
1501625778
1258061045
384866171
1554001625
518844553
75123435
137089120
13790776
1647741535
435665056
1714390722
1928507404
1234008032
1628145097
618734342
343188905
1280926540
990994935
390960799
953649885
164476371
1312442814
1002863648
1358798222
1366611077
1215818551
770568606
1483400917
1657413800
294138466
602198630
1011555930
1552199511
987064801
418073907
2071044065
1062188237
555163027
2084834841
562446124
990828083
1651741915
343469880
77352467
1132403365
962204223
420541372
265846257
1953199158
811502171
1219496142
2117675529
2123944985
74876143
1328990103
1343072414
1290694694
2099558710
678989683
800624846
246213528
1281188314
1812180776
1798413039
120769467
82771036
1721973456
1182957704
637934063
1659324650
1745403829
1628762147
1163582917
2088873709
1706114614
148502634
903594284
2126655987
414348891
709309794
790674510
1633845034
679501675
767135848
1708721177
2008491779
2110208262
851932223
1960566841
641714298
1652557069
59296721
1922902612
1317254197
1857709760
2043672079
1400025233
1432199569
1079146136
2037959297
944040571
677066317
1519237796
2107623488
618456378
1077868762
108642475
1522050663
1057041101
522991366
83876809
1847715612
9352752
763378485
467367812
1718073929
624386616
430092426
422522504
437469809
1071806724
2075079573
496766530
847225688
1244850123
206992642
743414120
497391708
1639192211
1822560256
387867357
435749134
352142925
1907105153
395888975
970599303
837490268
504531450
345166318
1894531369
1027522816
429043128
1594763333
1036875569
1192421613
2062131145
607465850
1816808229
344739924
1029988355
106794390
1416546648
957584280
603560920
116288689
54950755
810553562
859702809
552342464
302262126
534779417
940209821
738011260
886922342
699831327
1133900235
1857521645
1537321595
1638431685
55204316
1284369316
518470854
484247444
731649002
1555346423
1676669057
646296499
15328625
1345993638
991036423
1045316980
1452788028
260099424
2002901261
2056348948
376388113
2057852016
719418862
1236090922
462710832
1021680988
1770870339
1402920654
1759692249
510309033
2102751981
746108836
220347030
1492589928
237056874
275551346
629475596
755527728
759798790
1361124598
163390503
288984199
2007421098
178719128
1634977837
850973873
1224036109
940282217
1111073297
1079453722
849147517
1487461410
989822090
1568566380
576068684
1452532923
442763720
199455375
707969929
54972321
709764408
663238262
801081158
930111439
8344542
1038138032
1205662785
637820138
1793665760
1965461576
1998944737
1957056263
106962127
1858882187
2135775391
1741939965
562372412
1212327852
534738534
1673445710
144297926
1383886052
1013423472
1134120017
804968784
1589492157
439169292
1247732504
1788947532
1147139221
1302704826
351228293
1810377483
2103785984
1281339732
1818722025
994440368
339518869
309058515
640622480
157496797
160519604
450195095
264458925
2019401791
438486838
2006398890
434290556
1650814691
393653776
2107736266
1795112617
1777539828
973676090
781748986
435024964
415684599
1220918278
1682757469
57148484
220573851
837978647
408376777
2030951334
794280983
1689716509
1702189711
1788721351
2029235378
2011248227
281860183
39248528
24284183
732055278
303707453
2043685975
1170542116
162622695
330492883
673873159
556276471
290745501
321502129
186332652
1264421591
1103251115
621357616
1680106191
176685746
156631437
1737254675
397259597
994610084
2145631452
280727284
1788891067
1687864313
1982916995
1430128770
1569616043
1846681574
1711988953
1608864571
1870965758
296560583
1912572024
1767168085
1467102700
2075194719
2097660968
2140975859
483987543
240922821
314994340
670320195
1505344412
1418245456
1291677811
1037966955
1594931202
1448309249
627737982
1992190799
295435685
625885786
125434435
2084326753
166266451
2108351431
1366971875
1735882495
1807549357
931477181
1197263418
1531031467
1228037764
962351795
1150715904
547656816
890062866
1100893224
541149028
1374050409
1341816045
856143368
2044370604
699676810
126905176
1188564768
1737643765
1721836378
489390369
217898100
1566543530
784826054
843783886
1691977965
721669159
1010050338
1652845748
2088641035
598449185
1312911458
872634568
1795712603
696459277
2100672332
610580750
1847175182
500845501
1500643617
800584758
1041994529
727210378
2142400804
1898137897
624097335
694593966
2025043074
1812662103
284754083
1599395804
154568824
502652183
1018455686
939394878
1346436070
562950004
1661064038
209002760
68312104
1602221425
807451945
1381223562
327372345
455680900
2077682840
280561029
1066261651
1777374374
781406530
419421620
430475484
1823401059
1146631998
425392640
1574055309
1770729333
1119986606
1451614735
1435907788
1404740690
903526891
1590476612
1907392873
1921982578
382387843
1106345295
337448934
2043451881
1315348055
405761038
1498189658
2122800000
1786984601
1825562003
430997253
1717183793
2106123032
1497258904
1347074519
740045915
1916680524
1777550003
415963326
915828874
55458996
1990018635
539074560
1175445602
1294149722
1974982348
432702644
50192966
1417975313
192611870
1972175544
1800363156
1298957165
162140830
1696331389
466821573
567901868
1047037399
442137925
207402821
725115754
873135178
1924586614
683755138
222910434
1124177485
1423801053
2139590958
754243841
1839764380
907936185
809702837
1682299367
1447010745
1985148439
828965442
1274509445
270367436
879158408
545001110
462979306
703850304
197880618
1761936471
865991134
1894212007
81274396
1433893002
793765758
523412322
1641295824
1518881512
1396547500
1418398790
55153003
1619457935
395092628
1478954056
1611565245
1149336469
1171234788
372017782
1959039306
706050508
1819028527
1796704097
1535015950
946054325
2067071533
266690710
1491055435
382567191
970541014
1688936054
2144503663
1836532148
1435664413
78294411
1122941502
81946524
601706733
616753678
1600828036
1998254234
2035152469
1655981039
1470228521
282761449
987451448
934310118
1432097918
11202588
1306327901
1243653576
717253096
977872780
892874025
104785398
1923927105
812461911
371476108
1267498893
1195029102
1342017122
808951299
1192049117
1031065622
97132064
1270343529
6523477
179078588
1872050262
623277155
1779906625
1722820848
510945976
1288404016
1045565721
793707425
128371816
1979875840
78321695
139574405
1138720093
1321975271
856827501
2116592873
67365649
961612900
1893036331
879827560
1333089008
1013051576
2074856662
527622483
1822002875
1119422132
1558688105
1919134939
242282013
1565211582
2098213528
2114332275
41005090
1730636505
1689669476
551951066
871556873
587751549
1345658492
999928690
420143741
1423980187
1139503095
1558863834
598471811
1996330596
1527973060
665837460
810459848
1273525743
1545665020
2143548857
139093671
1473038034
523687692
1961096546
444976518
2082375797
1732747837
687258531
1500103732
1683477717
654107159
1541108822
1266630574
196292987
2093059888
2138187448
784044536
1291234732
990632490
1204188278
567731272
2130135585
615568464
1166203083
1978982533
2143541524
1832040543
641958734
1269583619
1230221915
638023943
1408677290
555776301
1161711635
1222290188
1000752820
1096603784
807554378
1688011351
449223868
343548447
194634862
1990332690
1610179022
390927849
1935908931
1600882822
1174972386
1079660015
444031664
231677016
1647391287
426683601
847245480
666110722
258182486
843303357
350667617
900141220
2112886976
1580889532
1538165163
1374080619
2136665834
552393150
448887159
989935006
1648996935
1256441537
530462709
2098220803
1599989985
725097572
1941069846
1062685359
1116025421
1729495129
516084533
143514159
661671496
960116197
375191175
161579136
1386799798
1222436656
827689858
1644982284
2065740013
1178357476
397639857
2031143341
611763360
1935805020
1257740312
600945546
340714523
1706627472
1590880552
1989711458
815585361
2121343262
1940448613
268091698
698957186
1734034811
1330777057
1814982607
1316046292
1846861590
1958496767
1977717789
659494139
186204294
2139296925
2046293937
1408640950
819503135
1543792574
1326897315
1997860611
1941432431
1210557009
462140324
1729753803
320813673
1063085870
2070468326
2027441145
506482775
1912696136
695542859
480342389
1705661102
963634557
1179299575
1292212265
146927967
846798534
460774910
1993789557
657811653
291009051
505800049
844015948
282822328
404610338
105173250
1102325463
1948402912
1432070566
952702427
1742351695
495143927
1414842751
1324621851
815957600
330444973
1247606529
695915098
836927748
1012819018
1391457957
1317270137
570996472
207608866
349086064
1863208737
354536833
1195884599
176499999
200842743
1853696252
467509050
706642792
550228552
750331378
1111253130
655401803
1852656842
912172395
2087472369
657875621
507040442
435132648
2072718372
1831662293
1251090248
255679697
931785175
1947005346
1092607446
1944604193
1190979655
262393935
368117017
1398588522
611480000
83842106
1753125355
1807364599
260342106
1953968098
1513577203
727851156
513127242
2063805756
1478182535
1624380373
571723911
1183355729
389069120
511712632
1841231350
896109562
946845280
1766466074
580288208
50451880
2022145771
1512073383
1997457227
967269569
1309193928
1040953234
1229663505
1677310945
292058108
1841143505
1761153051
2045183464
1501024456
2021495157
1851667914
867118011
601862666
217311509
783440119
2080045201
1841691882
1355164030
1115917282
83277354
1866876662
809664984
979386916
666238294
428647410
1559675124
716690175
303309533
924264859
566663754
1270579103
85975139
1607616988
352758960
1763286084
1899675097
46418817
1376955488
1797374913
1547443273
1250966997
1501559179
267077636
1852829663
1718870688
1050517756
1785391216
1413078922
258198138
753824850
1496356276
2125074801
1563489834
328259545
643829447
1992137244
1887934669
1360519622
147963130
664715881
1927183376
1418542233
750691020
1387316717
1771301193
366493457
1139508166
1817720010
1743448945
789399431
1217679635
846932294
143474962
1484757271
552278310
1862345651
387791379
190185878
1127940925
645989518
944010729
476813554
623580671
360016915
805073099
1267410118
204670512
545524120
480446093
352633642
1210240001
260145821
1771175875
1960931022
1647462538
1394993420
179940831
639487056
1065229782
1923389776
1428886487
135425769
622838422
1572361450
1620183040
1175116732
1287223453
2007974420
1365302611
267680730
506480290
161829692
744494284
1130060961
521846607
1549567383
249987431
726517119
2095091504
730433524
1079150761
1157847857
990579346
702842988
971295231
490558236
2097836408
1151236062
1130045293
1015582542
927142190
411448132
1151008311
1549980613
1983809582
623707704
577613697
1123549387
484198476
1942916308
1391230118
990678766
2104746000
2135724402
2120739727
479108960
1537808138
223243510
1205626079
1485415994
953677035
137293193
495780203
1944256381
840136181
1467075435
287330969
790488942
470827849
1417376262
1806071484
1397970040
1828824395
809596148
800467005
1665150329
1433303852
1378080702
641216069
1917502328
1173513363
2032446187
760697446
1130775715
2020686941
733953525
1609884675
1411011431
957197035
668027107
748943777
1910874070
805320300
1244723981
1707646803
1645456481
564315768
1994977773
288461775
1035143617
1264870387
2094533260
285630009
946211134
756645760
1086097014
463877816
42465964
316694069
1105093885
1959968292
1490207432
990056424
573182090
473499499
863259717
1307135615
2083384175
126787501
116849002
603927634
875731278
2027723073
1409247934
2120455259
1587886228
907220767
537287379
1435380353
1195682543
1572430997
552767093
1142732155
1858061006
1498978227
1899377915
796674373
1962856043
1941843879
1113368442
920466280
1754328523
456092226
1910522704
180026965
929591725
626298774
1487162580
865492252
753086275
1604011582
1469419886
1628817553
1484251007
731184172
1601789165
924653588
1638404940
2139076544
212550293
686603835
1564023893
765317386
1829335990
1274601252
116811966
1581230257
2071275625
2079668009
1375590488
1037160419
852650642
982435363
1493252645
615689698
1162462328
275360722
1241988472
502141260
1140852975
1995074747
2106152842
462789213
1476408653
1442920202
1193973386
930714170
220090142
684894678
922307066
432640435
1371498513
338847312
1197957822
1053350855
1613448564
1314769788
487097464
1537240541
1246954149
1862687952
426917312
2099604791
697639667
1920169957
567810842
1860101995
48047031
1809799314
214759607
1188900006
1657390414
173428801
1651689220
986315419
1616349003
698178958
1917029589
1836439145
1383073636
691853007
121595933
607088501
1030700319
1319553755
1660439356
496665235
486839895
53172
2033905776
1733794044
1862741124
313339440
1685915188
412897143
86025749
106242382
125515490
134072781
1916041696
340275097
1322972787
1425948462
513703898
827178359
264780233
2130052902
1525357317
34326174
1819008399
760947305
726179182
1940604332
1368035806
1756879501
1112674439
880991514
106061089
1599514334
881044686
2139966865
1185824731
596302162
305822658
724256271
1009199305
391848407
830498653
1134714795
525921188
599056701
1474989892
1848893976
2025005164
1988693791
528588687
142301749
1971263045
2053946005
176627924
1642787796
667409662
902807106
1435908481
2035445469
512202959
401099272
768953335
618264048
2000613607
1649998022
610747266
1038954690
98816536
916569924
1763210961
1108015842
1308418331
446225966
95246989
1834339520
1045282667
1570236882
1535749848
922804183
1411447025
2064338535
1065105933
1235226422
1970800892
1241733857
730530570
490726907
2144540963
18955403
378688728
509260274
420054676
1147642063
1127524323
273184635
650156437
1738271589
1312139325
748972974
507357865
927866638
1856988816
1815776196
1374092604
1952235805
1502632068
271891623
1374989039
890898268
1194695807
638952416
807753156
112318092
1874178838
631070400
1354051949
457225761
1121797307
1351109264
476181164
1500486035
1860369538
896235840
500644451
840410213
1169420475
1150800888
431198154
334076152
1899773862
938556019
1261942790
1609279030
606848568
488551746
1414031188
2109480636
760443370
641536579
852895257
1955139177
1280488996
1660648413
2067457269
1007184186
144235165
1274025570
1464409947
1266032473
477651186
1940591112
619034860
190537076
689343304
1119679311
1030947290
1858763780
122996552
1462145444
45356284
2022770414
253217816
1307299075
1484565797
860066384
1795850821
751113337
822063372
408810543
1392649916
1674958629
216466072
525655264
1188123394
136439693
1532839451
1332358560
1410465263
849765750
450907385
1888116449
642873214
1069942245
2078653526
1332216519
42137909
962117168
1043496651
165134461
276778964
1088852935
40421227
529996780
248668362
1524987024
1390063164
2044519184
128616713
64642889
305846079
1521266630
1739601518
522312152
2046921894
780241265
658751845
1432277697
2112599825
2069217109
134559800
416023562
1809849910
777433014
1485965807
1741019788
2109649533
1528103716
555653308
1005662536
1693238177
832432273
2094515472
1733659405
1362429053
195700186
1111162781
605008570
92735722
1239779495
669651459
398581802
613562477
261769329
920893954
513000723
1042010594
1579645799
1945278421
1007126771
1501379260
2079838221
1423150333
1163745523
709787587
761632493
757281663
671953473
142252561
1312934972
1677616009
1835490739
2145367245
1624647833
1421666496
1360312650
1820348020
385345629
1965321220
1913083742
1625125124
487489031
164181896
91203953
749258361
1085075850
604204677
1791268955
517238002
401999450
650912079
2018617262
334354023
2074062412
1034879137
1044141610
688211257
1792160801
1716095083
830463819
957612125
1246227445
518470910
955495722
723391630
1940137406
168324724
396256002
177999387
2133645945
161856097
1803124512
473651328
326037993
1894328465
1222909689
1411113844
351049494
866694997
1928351846
753048944
1517607076
1799485460
1087402967
1444185840
686880950
2131544578
2132397098
331558103
1700156013
815377269
1289170228
798899810
1333848179
97182302
1522291441
1126501937
265507026
1918547443
1304501324
251669323
2080403540
960142188
725320652
258957886
706987006
1948230341
1670071730
1058036500
667441690
1450939928
1811085445
37565118
1102941740
751004764
1481750959
1789822690
735065694
1466664409
2121380793
287738060
134558030
1263067373
1086637870
1468406209
1360249675
461445663
447424498
1625756702
232509459
1751925822
1877426025
165429351
564584363
455263029
424387237
1271571369
256009723
2094458967
182124221
923451413
1397915247
1993209666
961016532
353373340
596730783
295283843
2143196030
1331796477
1761948252
2117093176
1619534537
1896506282
1232676901
558688760
1217428843
445442929
1020134423
1664853341
2071199631
1252643882
1269295515
1801142008
1418073234
1833879878
108921390
1842460471
957967599
364931113
1789435791
1140091821
1288382526
1039867390
985817839
101915410
1393240730
1582548622
397199253
1388953113
766861452
11663857
1358562641
238912341
1908170139
443755894
797601101
978115334
889198823
1817735525
495485027
812914806
922895759
1764780543
466573167
193485345
1451176773
575494557
2035945817
261660725
940425670
1677897960
1401752546
81324548
570281702
240086737
183239959
1963522433
1822635360
580439212
1204991898
442013164
592103070
416070891
680925505
352789561
859826785
1478526607
1330904896
1749025609
1148778484
1826389923
414456767
2071674243
1443686818
881029934
117675941
747379944
1456524491
6138110
1009040669
249466513
1684036070
263309567
330791062
106834124
503396304
514031021
2070356557
178548016
1094470233
1127864807
620561180
1686573303
1543935698
1301486686
2039362865
256278836
632529645
1222784113
2005304445
1781308129
901690388
272277564
1705498724
197893559
1153307499
1823174665
945273503
462348342
1829312775
1954314172
711814856
1365865197
70140091
1042605918
1472699322
573536395
1556636939
1395572231
752084412
503623524
375953391
1372645592
42713180
1919889089
526648630
2082076045
28684277
1159178275
1157376510
2033988722
793002756
2059066898
158782639
351017833
109476809
1312090138
26708850
1054750312
1774438480
1856021626
861580836
338769688
1074403175
931720927
1381375606
399618849
1505257323
790528897
1795191081
109858087
1294152422
23660824
1482503679
1336865602
1943549913
2009152310
1271457999
1972234191
1020846937
281350861
1858739265
1813849694
192934111
2017521904
17383879
302410921
1182128394
44092729
1357161233
809083227
1900114355
71258422
1147852915
827033883
1002979349
381744874
1226652732
360753024
1172273771
874360165
470611111
318942545
898020989
1953114791
1655808147
694087255
1814783453
779782498
518837798
688146742
1061133359
230093415
354512788
1254067471
100131672
371896667
1556478392
1282260066
415989397
766155977
2091343293
168620104
837414399
1091712561
995653987
1840393749
1473457435
74823072
53663125
498247558
949183237
524274237
817190104
1847204227
329905380
325514603
393807834
2144688833
1105297102
912645632
685351927
18946813
1142739047
1039864716
1273014284
1242870719
1411761383
682009028
377647138
1827750780
1448165006
321506783
1996370885
138095757
1413219344
844541224
1978489506
739193131
919364296
2032152632
1237440690
1868547534
408943221
2054630794
1568268113
738848601
232661749
1962075947
736053786
1337958851
727237931
1421405713
1356905665
1869976978
313786781
482436301
965364050
1725548165
1164445330
1343011188
1405815297
465126688
1664517971
1254702534
603222445
930253668
2099243759
434228304
1669446799
871124407
318897288
759403841
592188293
727840509
666550987
12972758
1466689110
899212737
1975048705
55259248
89687940
554802988
1476664961
1446593605
277296319
1790451743
1929029907
1242660369
1368516260
945991589
438187909
626847909
1411118277
2102705880
1881550444
2014340722
885475900
1833310555
301085378
407439052
556951314
619982666
1166842893
1149139608
1347823175
1833393881
1162112366
667028637
585122970
989677424
722287885
674810910
1544480412
51469199
2121404516
1821776731
1841920942
1902950775
916953452
1062953554
701458716
1355141361
1689801463
2112576993
1310363594
1423868259
1979434067
48355846
1109695166
133035798
455794898
1666646481
753018464
1622637792
668302441
2100841640
1308548025
1830414807
620386629
1893670995
672608583
1342674515
420998257
69605348
1394143714
394919125
1891382079
1088581008
150386252
660851884
4050914
851844968
2015993245
1693852377
816938313
1178873191
970236989
648888733
1227229038
2079932155
781924531
1683023936
1599094988
1534942995
1158178080
119913781
1488300987
319242457
1950328589
2108687617
65429804
475453524
1303878484
486428062
545058872
550538550
881347187
288957304
1639119558
1031733440
949809188
1643170472
1883578408
818318785
1189539201
553033074
1997191977
12292542
1201921807
1076937367
2092224698
1983846338
612477655
1543836038
1371305685
1770655736
1663749820
712123025
2089898193
1466594761
673326994
7844350
1942048285
1977205478
494272412
339623510
380260380
1375619599
628580814
2019379938
259869391
1578390002
1515066762
2143447800
249225139
557122315
548997226
98933468
569414858
1750919033
1175870835
514155908
1587281723
1788348491
2057991946
811103760
1411520579
1574258118
1523226785
1353935124
893369231
49070131
1361779474
687933869
2026275609
1856051886
1027557379
259052341
1084187838
1656138193
130948631
1344057229
1087044547
1646015393
1340021381
1336269686
55654061
1889018607
1435203155
625068919
1492453992
463590342
1139224827
932252067
104455185
1049733125
1743355828
1515975764
476507596
1119098965
722427241
1369876827
1168169097
2084206715
2057810696
1046961058
1792774954
937884427
1306013400
729479144
446538972
1436962031
2073536373
1533583519
935493777
1266074107
722369558
991147838
1007609066
10089065
1616216757
352579411
473679407
607957936
1284831478
578134593
1657691061
880703658
2094110357
2134198657
1999802624
669053950
1356591837
1020488073
605777018
1266918885
2067449131
251068324
57319665
1225978883
980547468
503858637
515457267
906600193
2037442157
1450951044
25190652
612328067
294615234
1032799719
622417132
1910831991
1385379130
1096096539
371306279
522726960
1674231132
2028997340
1403430619
1620857842
2015712350
1255749595
142428144
1224820539
128754020
748205162
344255776
48719503
999273486
401575441
1274698387
1979820954
905434079
1790155654
738937500
795392588
1093623050
764128152
1407720655
1388238284
1796927871
2030137787
1151586627
1034823353
978750678
1522892906
1557550314
505498163
1404406598
813497285
2126356005
1272635300
2069246880
121300501
349972191
50517252
869505664
694227968
99236755
1868779150
1095803409
1373935142
1701116457
2001237488
1016607148
292570309
649146428
2110230198
1056698461
2056867083
1350984834
706142685
1939521222
355087813
1740966038
770788253
1877980719
1151032704
1276286416
1134903670
1964529989
1255158773
260055322
1886293221
1376459274
610027514
1936810473
98481290
1304255482
2036047229
1967260441
252575243
1262498723
1520893250
106329084
131622224
1813463559
755475512
94368774
722678372
664858948
1445353609
1428821057
456896522
1800441422
1022303448
1227684775
1530938494
25852504
356487543
518358516
1990382494
1611646316
778413838
1729192067
840621943
1388441352
1518518893
939103233
545213186
1407082474
758880026
797788430
522097549
132289628
904117514
653719773
1945753187
1659593026
748088548
520947912
176968326
45958509
1949768969
633864849
1846399931
824588769
1861549624
1229854777
850441274
70553520
1748213293
693340120
1682199836
379143484
275048539
375338131
1767584836
1793567432
1314441365
165314375
1053166258
2073321391
963102805
1575263808
58127372
1867220319
81499933
2003880559
1379329697
829588481
377344823
1556298024
875546990
179630145
42679225
574463274
1004218914
1904228849
1804318051
1854660188
1974782369
1405047697
400516660
1509498558
1784191181
675565200
1884836689
1404292369
321648984
1051794406
1569606744
1374815243
977632150
385225901
802595403
1035759522
104962572
884095336
892156433
1484292270
1713683818
1269501257
893106646
441747160
1449131402
935785871
1016210434
305866668
692531072
673044838
13043209
519829794
2078092535
413559869
2029328352
1714800068
1089125069
1766681393
971608789
1410774054
670992152
393731886
638105649
1648624302
778957787
1440701052
536900176
883920360
177312740
1429056609
220728982
1890996558
551074218
1113835628
185260071
2000205620
2049621499
1201470505
158588641
594668923
1874515343
171631850
1114498717
1805124230
585191719
996343421
1372440650
1674316789
615541167
196565792
937607195
1286533319
590297678
1575712844
787673973
1369255465
868930248
1324574149
105692177
1046242988
606147110
326421159
789755899
1157221329
1440256787
975015970
1009943301
1342394638
29002827
1168531942
1937063562
1903518171
1340163792
904078631
1561158753
1925355512
1900422053
786115756
1452188653
368479572
982681548
242312200
1655012891
1572979226
1818025044
295203216
794751043
539471644
1619777365
900443221
1585714632
78440827
1226864380
227986883
1235662156
519637520
1203002853
98121810
1862032158
1232005681
1266653752
1651612072
988040204
459333897
408207056
401715309
237205761
161145461
1187831065
1689394414
529625033
23028965
1931706614
37154276
1596008191
1602248010
332357492
243275587
2141719654
1952134857
1143718808
1579950638
2030575684
223099540
1807937522
1118754193
742737060
863456727
1216876003
457285571
2095462408
336046107
2108897643
936018964
795380004
369621051
1337734274
1032585765
530766512
378081691
574496531
1060391545
401110657
358719497
1097545821
1997118848
1960967507
1429903313
92910787
1955203513
1234554522
1236629595
1387670504
1117646559
1459729136
1048124378
88917104
54982548
1911581105
1305793107
512268119
1859559866
1641839214
473682115
648095182
289735571
843303166
1985829456
1322321336
1374069679
216427500
1896817868
286977576
617538157
108053717
1384523398
467173357
2069021225
666943063
560084145
1876741090
1901497586
1796713740
1116927946
871660497
1108959228
17568676
960577601
1163941777
1929149782
118887060
1676209896
1641226000
1760726274
2408363
141837534
2050461845
845711530
2127666991
1225299534
72297561
196610843
974633754
359275137
814149000
1082687471
1743798535
1281322357
1004225048
263257951
1841406502
733482491
17271889
1490636595
1850410437
888932386
452112175
1867979114
1849509987
1616053952
1649645248
1968397047
1144780201
1143387600
1581639673
1147188564
1285225134
1484617871
1992900094
1265408477
562433757
2065197655
1462019320
1537067511
276989145
128684672
472271334
2020787680
1410007030
1476496383
136561983
1103929884
62495226
153833872
447082831
1912905663
1042766258
899195007
1633401129
744792597
367765311
1135562729
565705996
1512545512
131466681
2147345670
512250429
1416691816
1484479893
357666875
534616645
2046913650
275380883
1996635966
1436497513
552370028
2125320638
1908768847
425674060
1387844020
1237781582
562236044
344290257
1300276808
716069916
791373088
1065698824
1758836175
1690568095
551616305
356145124
2058333407
1687179035
921851121
1423395271
1818645716
921713143
1935645700
1087853884
258709388
145828928
1622470530
158139390
421209811
1471622848
1594636903
973579839
1449459838
1355922102
1399253899
689820211
446220037
1961489943
1034110468
1746496845
530076212
1825483556
664712021
141428739
1368568004
1216328327
497573863
1279417763
756023714
1419424984
555329386
427185782
193654479
343491439
1515039667
452363867
489320367
990026549
610503257
910530178
314165749
57656512
1884110017
1763625587
1413578615
1135880268
305962150
1859798652
949886564
1340072618
1458811849
1479962776
1018072527
2123523871
1621391515
239156883
1192368550
2118965378
1518574646
1948392264
1390906715
2073904032
228094398
1584561194
269911823
1743134065
2036925062
759232190
585676966
499944671
1669762368
899842715
557601184
1406388737
515984655
1971179799
394785358
821946805
1683494803
1344671922
14535776
994823004
677151050
1032608303
970863227
151058917
1271765186
15748129
122540647
642856184
1964140393
1513447362
569276568
44751144
950524909
839188392
1787885209
839966323
1598420582
226078528
1339910994
1120699303
1125921243
1897512178
379604392
1641905898
1721208329
774389750
316369056
1257219484
2119061672
330904832
104558841
648729074
1363513135
1075422068
799787991
487794673
1091170198
922328639
1130650857
907826943
288292353
1699927425
952578087
1238817262
391632169
592979649
2078783585
1990052752
819058177
1271210932
963268407
1944979420
1021239462
1342872799
1439401671
594964144
2117262550
1755770727
1852183628
2088840574
2086675559
1956742469
590086001
1302705046
884680890
1389873992
1790499719
1975851088
164718983
773666928
736194383
453011337
326110705
1688772471
1691828599
717742875
134268472
1623128537
560311979
953326649
746855821
1523580386
750822421
1768095283
718969537
42740444
215575779
688748439
1798511171
2067759408
630105366
1737703082
1877018229
1220191367
892924480
614215471
462581711
535940551
442582911
627300695
1309607479
1178777295
1080312032
1635718185
720066118
624656983
205977412
854334590
100301872
766289391
1807661239
847157693
142386129
411000012
467769329
861355666
453740457
683345108
1550104106
104767980
603620868
32725824
1842471063
333155450
1252917191
587911895
947370921
1715498902
1123852447
1389953833
195315949
285976278
421247480
1275627981
1921694463
1141313598
1900284965
2127671875
1995648188
2000586837
746477618
1655825779
700260883
888863747
2066825791
1168030212
1750219414
373082600
1851375320
1152839872
477850581
307512541
1185565696
172837996
640667991
290999239
760749891
1588038912
2006498141
1884602338
830509097
54330443
23094969
1251756577
1329958424
1944789432
245586527
1082759741
1924977660
93751067
935862931
523971630
1749576846
1636123814
1412835378
1668918990
656670378
1015571144
2042001590
360562050
20927368
372368523
668074591
1206493064
545206519
1308742582
1497492303
1305956411
749297847
1356506796
1043075101
1579806944
1410837239
1066170070
684079874
593312016
863475855
929666401
1676071757
640969867
1023417469
464451040
1164941497
625510667
2100574854
430293227
146946009
609761584
1445864371
41463952
970323635
1466791739
413832475
1638398226
525801155
959038995
799657161
2023293458
117511758
1548955008
1232316607
1160586859
981278304
495670198
79273282
1665358178
1088982214
942749137
447540932
617570324
1583719004
1470958401
1082021364
601176853
2096469068
1035112571
1031470081
95931430
1644874155
329850804
137395382
467714142
1796642544
551227857
2106112369
174960051
1510266852
758285882
50769862
1627778610
159757242
1283086469
640881822
1141035546
1778756667
720155104
658910077
720255234
1662904241
1106451009
1337825558
1099139597
429925762
272363274
1700316450
378911182
1307475845
584302883
474842612
804866353
914153688
612237994
1272580495
563312584
1163465852
1231209216
738272635
526249056
1989495098
789042497
6544019
1768692
2072128966
647425841
1142804239
1703401986
1367580945
1801714316
276173572
883001538
760681677
1613999130
1982141135
1190607439
1886362404
1534973937
1569518621
1046354602
2119276821
2044361234
1851220955
885946861
509115580
976317802
1449259445
1672581432
60043371
40048432
51346841
2049538469
829090930
57890860
2051307162
753736248
705316701
1046627753
309654586
2072897646
700858421
585828158
808415536
1461540098
52343640
643073023
504663889
1938706045
30563312
2074182510
837576999
2356485
1971060096
541314306
888303346
332692029
1517632108
190079143
2005273461
1577675479
230127576
2056620302
1479730301
1059218506
2114511162
1383553815
1812954754
672344215
282697920
2122609341
597758213
983556341
560953851
1406173749
297612791
613297492
2049246772
802276680
404519889
2079810085
728975542
1242096888
2082166570
552551991
1783411194
822986269
885244020
1153559654
1013065412
743033833
583751486
1243192988
652170488
2063481787
154927846
619198002
1299551954
1967882601
1291542218
1582249874
1943008294
1889300431
418322567
356478497
1147990533
715935358
969775989
1049753657
1518212038
1374295878
982080094
99703932
468909118
916763017
652255923
104836664
1739749286
1537499943
1258396319
605331050
133050129
1842147805
1848524039
785220617
1758145944
2003451885
1404418619
910214250
1823850838
548477189
344980476
1619375484
290293973
763303043
1975853982
1438284506
1479238401
798146323
340554515
849966791
24958554
1322634610
949670723
493867672
91913979
1601926647
598704337
1831663265
991942942
1857100656
289510667
1124993071
1551764813
2138034706
1910213688
1162427109
1994002944
1167148660
2072641359
1670370134
1715625849
270138187
1142261971
2005919822
1033441230
970632305
1296720680
365195983
1768778628
1637275196
1215162774
1793737182
812426158
17349849
140121207
904340137
1619276496
738825544
588519754
463735791
448442552
878030421
1588728862
2000207365
868581480
1351458903
1015150826
715100776
371123915
940308537
237987262
2086749764
1210446724
1380249233
1945185939
96404306
203397890
1094422971
461600289
1972176519
584214519
1676763063
1618430053
1396640677
1694112912
1758551260
153497166
1165905761
349893156
742016920
1629641552
798335708
1620047342
1070886766
651059425
341145174
274862021
1666210251
1056245950
645985936
459035140
1294233212
585252053
1669481864
526998798
382954344
1765886170
730396688
1477377315
80002811
555089559
2061591835
1756765874
26035965
1310748864
1303395139
1784587225
1464246031
321817252
2134480382
58779303
1951458804
785332442
1678826645
874861922
1436391868
2019971819
1149723944
955118471
928734121
1795709880
1414153612
75483686
233478285
936151828
602482484
616432629
554554351
1332879172
2093809945
634557162
1887968732
2007918132
243839389
1914004697
1171183348
1547234528
1551108274
487945731
1869051780
1538105008
546725035
1673026936
175953803
78068032
400405210
1612345671
2098039852
1550129154
419980494
879290325
1198355387
1834134106
954774011
1431833672
622802287
1557256495
2048266302
1177356638
742652020
1994592599
1811913800
483137104
1855027083
2055753189
249658153
878726783
1455504069
1800766427
1366672515
1177072201
1191387788
1913397550
702615489
1367341591
1991465582
1103020700
832203614
1942021786
505666206
1252184108
673828464
1704021593
938834567
1628602475
988371618
1561636854
1038375323
889154272
591509844
1781027343
736263223
255939996
116680799
443806658
164209538
366338952
1322533441
1619713607
19621731
541722308
649302161
1211009519
307636210
1351917650
430867462
151618145
307454702
1263071076
2093639931
813120909
367771537
619984747
369658854
1306606104
101103575
1358030472
720759310
1139478898
99701096
1312269154
773022593
835964319
1568209150
889703392
1279770977
1732418688
1256042344
454820771
1204648648
1275664075
996543079
1853950809
339189947
1304179290
1058384811
770057409
1455797435
1365839514
2033128486
1401953718
31476775
253416375
2021938466
401135629
1560022479
2123042041
1759166102
133298141
1115037291
1858867198
1445567295
1888059884
547347870
866292797
630279628
1827118847
451227838
1886321972
134455970
1655876486
1014502399
1130999050
1362343647
1353692346
287694692
273244810
2123749756
1743492127
1639084324
2009394594
997962197
1670561099
115327321
872417015
2071696729
1675349800
847975408
1683379183
1808647941
1963012699
1394762733
1106731588
1703588935
1942110603
1973024385
186384915
1621745803
276768575
2072706887
1756201773
1932645061
939725639
739717175
1147505060
145934337
1027411867
1420749871
122200445
623420346
912350547
2131595039
1621382544
435427999
99438712
346315911
359641080
1774788512
1194291320
2043020263
1435952805
1009820371
1290299348
395200745
565925659
1084926304
220741483
752310574
559188459
497510058
677533814
167906584
282671472
1617259453
907623760
1430176532
1763193790
1935035627
703442755
1885394236
410972326
1615793303
1869505627
2032354870
2051221302
1968944340
231187133
263378734
1596249204
1425478453
158915349
884718362
287815177
1449214697
1279919107
853740836
386657353
1500660590
1606051410
945845812
1998170649
136101576
1113752397
133358473
1753361029
2021376157
1563535005
1369071172
1808928136
119494113
1106981760
72416814
1735287416
829003739
2104771684
1639025070
650464431
188475170
1902403804
99229988
1613953623
2061319153
983948350
1901768800
1363050202
116383809
608025988
1749707556
1617044400
66593751
548069720
1467731401
202695327
1661822117
1601089874
1956056357
1535714626
1017141231
1177643881
1197159115
1136635344
137141993
1269575929
724439112
966145732
1226863966
215980534
1616610164
1415339136
2118384338
1715840152
881809111
2032219843
552304854
636094264
1247786398
668688663
1244120252
850010306
138249415
1310714003
1398080026
1605980816
1513409331
912418496
1059587042
1321982040
300649474
2076728274
352142273
1497808589
1065879970
489284266
619900871
1790319083
1455429998
1846764837
2006299617
924556514
1114620325
1977200308
492913018
1996429436
1861936503
1045217872
485040052
962239253
1713906536
1729160305
1812249559
1852155951
892390660
1062845938
1310653120
258316343
1975264434
222756514
1580298383
128430260
152001140
1932440656
1626238850
1217881111
274241274
98656073
860716546
1729671273
1945420910
719532515
506744139
912557587
549249175
999657158
761503375
263702031
2044875030
1246543428
1225941284
1611297918
828220085
890707196
1315970222
1720610745
1953553134
479139694
1978927089
1781333920
701896208
1411741824
1909764180
853897349
1196698833
1388519382
2071778460
1470940107
1487175455
785011358
1053127732
1285112717
1504543873
1559871872
50186656
2053793049
412045382
811690032
170011432
309436764
2058233460
1395952716
1920734683
738969897
139176264
1089221257
312096994
2092729398
1568360951
143540435
1726579670
122773511
1555282260
1488860203
976670860
604497445
729895937
900965672
2075437552
69587745
1685977030
981081637
1354700462
1043037256
393469861
1404887119
949346657
805515243
69093503
1119358089
1114952007
2127326963
367827157
888203042
718813212
507003422
1977424299
1030910206
452249172
1398301602
1174450642
31345195
1521075114
582249254
1520205398
350262326
1186746699
102617687
1251227999
1114700603
172205432
789721381
2095782240
1526905895
1832758637
341768453
784309366
634621646
1147283696
853402869
1753979735
114752056
833246184
2121806893
1002955098
1552059396
481326667
832895750
435485954
933575839
83713704
1609936596
964921034
1604788818
44702202
337642784
1955051145
1231448901
440260472
1058795496
198665857
612465904
1848516877
146964449
2139371799
1533791867
488732903
776197517
20929865
1636016599
1629600386
1774909601
1750768655
315362922
1749232846
606240106
1867422318
83075865
1439135856
155424625
1016651704
1522849560
1765361221
1981572739
980154731
1810063424
171731875
787722228
894028677
611992347
1846517724
1092694534
1224458252
1547550953
1239658984
1216346403
933859172
1728391887
1992543921
954789038
1216924838
1474660659
582214991
820209846
1790023582
183964189
1426449952
1509962252
267040054
718102160
1665386877
1283691758
93468072
1283264451
1117780849
1073622803
945844227
1289512725
1861345031
1839872904
1901505072
1560379107
785083791
978479676
960446413
2024742775
47342432
1894305585
1605651014
2039886353
701610975
675092204
1367063364
1283825966
1495302050
1009603298
1467790155
774268354
372081903
1734830209
1492370514
2037468780
871038320
1585838587
1173249583
1988819169
511977742
2119093810
1130848246
225839126
1811483067
884869671
1786218233
449083210
1863349347
599180998
326342337
1910691779
346002936
1931993351
1803094484
1047613911
459601907
1022674201
183956230
1954903958
2032277499
1651746385
581688664
256875754
1239092947
2074059179
146860887
2110131267
1512414118
1320110470
1951466788
2024391860
1291720633
934831387
102747338
955720052
1819701058
1888965572
1404803262
1535566757
340662922
1731145599
1298774889
686665858
1515655302
954385725
1734279770
1975257209
1977059926
1918236000
1782677519
1861853778
1422498737
216882536
2118729532
514108036
143458067
118106771
476755655
1655872185
1438217242
280738796
1532780397
582454227
1215570183
1635527736
1538174279
887787593
1377009660
795493893
275870702
1717672582
379155844
1574645591
256854793
1894811146
381547669
1991134563
1722584707
211123947
1761886915
1357778579
2072977725
1036902004
1574661115
2044223610
1551010041
1718119182
14846733
2027765696
1226507719
1453063975
161020844
611804468
2035518202
1376591027
99848556
1426208833
116894972
1476858216
74219078
392765675
1047047151
453374922
1967411266
1303901944
200702420
201475287
1147552859
1923287128
412599235
761956126
1133582059
338093312
1798858130
560759526
234833274
1202384523
131395060
249680008
1082666572
1357902779
1702743983
1243687416
1969707247
1590778538
472794796
2069555804
869503723
589689768
1398930372
943722802
982455443
298493875
1397097724
802383062
1602395819
1597800145
1003858349
602465030
1373603625
1416457584
1364421156
359702036
1754550897
1015795639
920461562
1989384171
70696514
1051856622
91580531
1153363086
262275753
1794324515
249566855
84499352
1237619405
722361651
6571508
2107123128
1312051419
1405501881
903362282
147023215
1703995756
152976359
949406277
1158907928
1750776504
1953264626
1761372958
976896481
1222238563
978310467
1336598517
829305812
1994106106
109576431
671206335
2064802620
1161433053
762786867
1070682059
1423708806
409627734
1320248914
1508208158
1647247139
2042610565
1514779667
1606886619
1207178336
772797900
362765254
1354201551
329310008
515741613
156124180
1488217936
119034469
2109388807
1102107247
1095930950
1184143722
2080417714
285045819
2013449534
1927040172
394622250
537172221
1844359144
1556055303
1299959088
767557555
832280461
1709586822
2087806469
193004971
1209350313
1982933386
1707784638
668753285
1042628075
333098890
1031518539
249345978
662408899
1547260152
405470159
3143187
1666294621
367375318
1105250434
614741923
1551519040
1038184500
899787742
1417484926
817741024
1294409992
1954657147
514616521
702981647
1107132588
1282174076
1535262108
669235762
1222496898
1728267079
1878586076
1057946636
1288568070
399855713
2100574711
1621666960
1431374252
202437042
136592211
831150756
607907201
139735399
349961729
975282519
1244985833
964703652
379317911
135686686
1864491394
1796802837
953427710
1011417738
1603976336
1468044231
1714399385
563625276
602734660
1102177845
1232861039
1825231558
682961276
963963467
735694546
1971529346
1363819180
688785610
1445712659
647709784
891222652
1582304870
1478860540
1499129853
1722040269
1828822269
326928724
819542455
646042273
706246635
955229141
363050019
355565824
1908656851
1374467757
1959542160
1229217435
941383494
375683789
1831952095
2043561339
1608544828
1509700005
579038967
425024647
97910903
403084666
1788843827
786696513
1848797325
289069963
1677919165
1283618547
1767930503
1029565370
858175169
1449269124
1356494094
1677717624
2095311397
2062740729
485463117
310877768
270822905
246636320
1685345525
82881418
1475853755
479245371
458565207
1160322202
375323062
2067110035
522538559
954362029
344651034
620449463
1357446695
2133494861
1407145976
1058760372
275081176
937581494
194895272
2043011679
1967146864
1053070441
1344797155
1176157311
583304417
1292624904
1091414392
1068767534
1603502672
1362237298
1315403854
1141364549
1445118716
643773962
1620609920
1903683923
1804096164
1995932982
1823310310
179151076
802811363
20477696
799600539
12774411
6488909
59262867
1071534783
281570085
996844361
1266430055
177098116
816507578
172016848
1521895271
1992664889
755321265
667036527
936595633
1824088799
123055551
151349283
992009006
1264420100
1596467999
1635782968
737546372
1352668274
1292395484
585995706
1028494936
1471546560
1388807069
1048972632
123663451
1401581480
1055461541
182926319
325632616
1337031626
1179770680
1592062671
1514129742
1996278258
1764079520
888541365
1841459499
371917137
1555577892
630571485
48522289
1678633443
781920768
1040531295
795569895
230905120
528830615
1533116267
1583573394
1821226099
2119111973
464584683
1145289012
1360435395
1513557315
1268952463
614533227
421535209
1451878782
940165843
1758566835
484165815
384744867
1125212930
332960425
1340739
2013754295
26936277
373257876
1421848540
657507762
421780165
952998335
1439428530
1462311460
1748568231
1670333650
1991142075
1134200850
1106423397
1664884527
1105829176
1571008080
662689891
318780923
937081747
1931642354
933314150
1358616956
1236037489
1873479994
969700144
1720203304
110741213
2094913074
2053163729
112081952
1961183721
2080100006
485339828
1235548613
590124120
907119994
41063301
2029552651
221947806
1789631532
1552402653
65606234
776348734
511342402
1730490761
1882177910
2082350482
245697004
53475185
871948582
29855710
986789336
83081890
1265893199
712785682
1052782034
838612855
823526895
1000211460
744292937
935608847
813911534
676909295
1420948675
2049460147
1267033416
180585021
2090523448
1149102419
402532828
1732671332
554021424
468139062
361536419
1065363827
51146175
96230681
1000230661
296843179
149705867
1872179243
326698889
1136495203
1955261134
1592592089
1849280885
860559520
283721296
525324132
1860770981
1028014233
1460932979
527198867
1704923529
734398006
429175366
824473297
914983028
372215167
1973575716
1317515856
2104886499
380113492
1785654918
318939270
1445477319
1836801093
415169952
298224333
2133644272
564875819
22919928
312859513
1701371022
1978181062
1905451602
1403168259
691256935
41689251
1928492391
404544268
1069703484
1241941722
931743135
627143365
1976339728
1360918501
1451616662
743839108
1733133668
1277708730
2061354964
1690536520
1657822223
1699526234
2009475790
955815894
1388843679
277162094
1254040227
1375004303
842037913
1276960156
1687863817
395925287
1107657570
1445831771
1799093546
1798914505
1487521022
1580102289
55975125
409740859
674560363
987718260
1036884224
503416444
201153114
341017239
1247255552
1934286782
1618725969
1161126869
1477339654
1129064544
713169455
1339331797
2084880439
2102013135
1616493891
1191437018
1329533790
311048157
320913526
869913959
706973444
1428571097
168262083
358583343
1080001954
1655783105
1938685632
1135977080
2065523964
465762348
2123695340
954924541
969178792
177364806
1295941780
68950696
2111651589
767184101
1230077565
1441507595
1896248646
1943247021
633355744
1833645437
1897776508
102365988
877598807
1079826650
413414145
1198512334
1949740610
1120387589
479599783
2118002693
1478970932
1559601737
1626302150
1270172917
548095169
1544342467
1735935265
524306862
351783360
557630409
701671668
1647725140
626581105
665839609
267425593
1856658671
2107347205
16190591
1652422044
593219301
1849836028
1402714904
695585289
579951188
335057906
1108999434
1778463522
137314868
81903376
110579657
107833913
1560874308
1670181394
1734136064
683563577
70792916
1130994883
272015194
595099778
1482778243
829645603
1296771446
983019735
1456226709
1962611056
1250445328
1165401732
1922474613
1266635920
670340128
368210266
968988300
2073055032
1063795556
1548939488
260629290
25311342
1179919362
397944159
107214718
1290499019
505778072
1668089027
813196766
92430488
204168956
883989682
1223425371
476184151
1479089460
558719966
1305829754
628377258
1541739701
614572815
443504666
644701382
1779974547
218495631
1911337302
302831027
586705898
732841954
228402411
1650501454
134297795
489031702
1675812796
1314217157
886975861
1783027515
457232529
1392753933
1303632894
1270429295
1485184422
1507801850
6935329
561126145
1983986001
1486024789
1119846112
1142332108
2114402047
514102165
1756904923
410423066
1158803547
1389395823
628918697
922657201
1692226850
1215624595
1655499156
1920629262
718642401
1789796951
262177316
246971550
956530460
1149153177
2029999065
1413762989
394423462
1186148311
536708636
1879607884
546466513
543643965
293250382
382968867
2029668754
1413096494
1525300975
1996587154
1927198659
1134722250
259526572
938518559
376634425
888445269
1861175760
2068861276
2104069865
1369191268
1842006890
675228618
1011504571
2104184206
922200168
1968035032
1105853735
804715585
1234314373
1500277197
1990863896
1771023010
1232401434
389846762
167183327
1525651816
772815629
49368434
791264662
150632956
2045955588
570979673
1285355206
157998512
1509498232
1661989632
1046443781
1223190345
1583367260
1003029998
444897965
1277890502
1678258617
1456402537
1234591060
452975137
1276953921
192961147
1257690723
363784646
1693238344
1101070971
2134807656
778156130
1490917733
154507336
156324298
116249714
203875770
947588960
266882670
102347710
1518568634
1552237877
260346222
880583218
1066743861
1306790003
2103773563
502627473
162336354
401187881
1780517975
1840594971
1857590418
867625387
146086460
987060691
1060586534
1403777183
1350845337
606341230
357364507
1338169346
1384497361
1848282240
1492676682
1540821659
1964531955
1696552452
340926972
83930977
1798900162
1859495606
1636168854
2059246384
592595176
555429067
1218552739
548885092
1058056540
1380889093
950072973
691090867
1074000416
660179743
1558716254
1220086877
1647240434
471819140
476380412
850602123
1078160371
833744919
41287821
315174084
534543512
1533964503
1855995743
351591819
1083033307
49439067
435522796
734449821
1908934673
2071691651
646212557
354046202
479637070
1864765297
902931294
1537693611
1098170742
1853004267
81300830
24687511
365700362
1640017085
1244774388
2012940796
2111836225
1721154800
716059271
1042512948
407416072
757347093
1357687032
941959584
143827948
1066199128
1293551403
1226861256
1115638195
1729074199
1961311077
877089221
1653282202
460039987
1231135423
2132919273
177321636
2134066717
1523129236
1275492378
1839587336
1604430066
1300179889
57804050
1096963503
397470629
2070744846
1061316081
2118625430
639320469
2103829029
378557854
1396667562
1314032414
1320517438
1540495511
232747894
466585193
619873119
1348386089
48175744
433700548
77991662
1701457947
893740535
1309127085
1686893572
1071062171
1295710154
1062539160
199070902
987813842
519485578
1499250791
1045617892
1616449082
1896721421
968879090
530281515
1867863203
1608199560
486626896
98937409
857383474
1800659310
1419454847
250395337
2033407204
1886040040
870268456
1234309646
1934215784
1303969005
1312301308
1488190083
50225892
473944746
1027600007
1121288064
1769654900
2090139167
1320358966
609985095
462141098
672126109
1655602987
2078590180
421363882
476998430
461388047
141743437
2085197990
948014943
240680846
795097816
601190606
1660135693
1045493154
487114162
1398692085
1915761610
1721423808
1185424222
1072246967
886241469
526130657
1122472860
1360186215
1553730665
96277276
982357467
1496386184
1416636242
1592342562
1958527282
2088762351
1100461902
1889633814
362642586
1577460332
203538213
504386023
1515174674
1151553157
745066870
162788842
1752743763
257718915
1208281996
92374277
1656411001
976559959
1813798086
694351575
2048806926
552555907
1220482232
1023796138
1912742122
626729249
1120073414
747615941
2123115434
389226008
192474856
1934159068
330504712
1292936758
1676309235
693147298
722913442
1879847448
1197533321
90604468
883916957
1942600191
253393310
489177072
52835459
1461675307
581551350
1709246460
290751618
247865788
256114387
192074896
800421695
1476596619
1215871035
565680169
2103325869
188460801
1313296110
2078957655
577686810
1505770966
1865633075
908191522
651224076
1394458662
1601338820
1374137518
1126822463
651388493
1464741986
2010739420
446505037
1718135297
352432845
499340496
1032326956
933984195
61103308
1323078574
1181849983
317217695
1515153470
1982271678
1793814314
583540857
400468199
1749656535
772001659
1713764309
1681130542
1349688469
1072051628
1399279970
110396343
1723275704
646254984
1711735163
949929575
1773077447
215640008
267187913
1636333220
662145045
1985323210
1988766065
1161485541
870166518
775266612
1222588849
45761444
1957116595
1539806544
1560914915
1791904625
1186137211
2144455772
44889176
788310098
768973783
1758653485
321956993
2118662252
683221465
1721236963
81574947
259013522
220008299
1793310110
1208943097
1993085747
2008950119
1476131010
1481935319
523611516
1313970573
1323217736
1685097058
36653443
2098484348
760202259
82414888
1908117295
152525156
1643329803
1552538272
1338662367
1640301927
1597427448
2126972465
261792063
1208597285
301445810
232970667
1891818751
2022682773
314545615
3348625
95207425
2107855725
1212291722
2088293172
1969322196
540939084
1422744843
345450065
1854909657
598478931
2030547123
1891563101
549479631
643265734
1973977989
310113278
795790890
1469824144
1862651550
2134453257
962642423
1312595350
2113942075
1224434486
373708987
267904237
1457405154
118044090
143103363
1771950769
121392715
238310788
1732322846
1333684437
179120312
1554161395
1874623522
1601865155
1899611460
1582049531
52860438
1782674935
1326128984
602340069
278457021
1152623325
912453347
1074247912
474963821
627621249
1061217521
1437606245
1940216599
1027675948
514557083
166441938
1295580186
1971962237
284486029
1438683549
1596429358
405878744
1676994337
1181268557
1739563182
1856114649
587946304
1466703056
1310496156
340074116
901268939
1363356594
2122749051
79914276
1965696663
253722424
1232537601
730666362
1327970336
1707501423
1358287611
241704210
997624020
1151020562
1269380158
1512181103
1317462500
417476696
1336659693
1601948529
1856160245
785605403
2007827274
1385670934
1966873960
1599906808
1094301935
407336616
919126216
257314443
747410732
1820395155
1620671037
722676135
1900309431
1438884052
976398560
985363385
22066766
156885248
545381160
1380354377
398589458
1543005180
383891291
1667969617
907702635
1701353792
2085446313
96878680
1155818673
1794122911
882484084
1016162299
1032310197
701874396
468585459
2126612133
1109211013
1387711675
236442928
1856621745
1060623183
1857113966
431814233
813448966
1148514370
1408212793
1798812351
1170581137
1565098041
196709863
403451866
1963687500
1739715043
787343158
1484173469
499934031
341213302
1422136134
596812711
1497031975
1068775397
1479296795
365710627
2101085595
33687544
834296086
2080214080
1142898557
74524114
169173360
852036654
1135147297
2026287326
1283850887
1948596263
1027318049
544580032
1599924967
50415538
2109678074
1796634830
453867404
1925881926
1388866226
1241210562
1262571747
1888800257
1582423864
537224233
338129320
931972192
1605999631
1817426116
1297682819
1559601578
1851113660
2131978905
1492332010
846528569
59019371
1661505370
1698565223
1194166668
1540309049
834932463
995279284
420143450
1379512495
447720603
470558988
1341706921
96871785
924426392
1120105199
1485738011
18153307
235193298
1227054620
1600577171
772417532
1565183941
385065715
230933515
1235126409
1682748534
1790535093
938756421
1667243792
1135383455
1785284990
1726263163
649405177
1336366565
772946184
42230578
23815380
1768225468
462374028
1403327876
68462423
932933016
597551149
165334208
1857359409
1717656349
1651072220
1875512716
1952849647
730643192
1328606239
577783531
148343485
1713671955
808717046
1383469894
1248936841
451768491
174742667
768696985
1587151946
1960027657
347476501
89073476
1148910575
1120422685
131304054
1172725955
741164505
593678083
428570183
809626928
1526611099
1026121333
974961136
1236486860
596294034
478549708
964515928
401660033
1209192901
145638520
979443565
1357536386
1859310475
1788160611
593522633
960763668
92445455
768265300
1729460654
1679597401
580809310
2076937155
1768670877
1729719885
1049876192
1899974932
754962192
1791040697
346169367
1183532376
453183977
1872780466
62170061
1428145113
961783679
658464095
1906694822
1926299607
1060124128
968404075
2071938127
2039567693
178456813
1783764954
1680244657
771979446
597044975
1772690112
1540244747
179021981
1304803865
2121054057
108475488
925991095
1703290294
1158351680
678482379
310768838
801908729
1024651746
1494301214
1255092706
749948564
1556471275
535754171
1711732243
67451722
294965345
1490548203
1127575851
1263369420
1415002682
1019659896
1441826234
1051283989
552420905
66322032
1648328964
177627369
1606566779
1827350945
1482431235
1580137188
1935826433
260938682
1135943834
946694465
939421061
1446712673
1748603194
1964072807
793530239
856212252
566537723
202517867
1391966423
130786319
269969589
1686931769
1621334522
1397545440
802817541
888853556
269721689
97160127
1940137545
822142594
163482160
1440982861
999769964
1770048939
1120850158
334717551
1202702480
909192943
595656233
191162666
1855887408
1535077294
1637875339
1457006954
1351666453
283921931
165735558
1918204176
486439798
1557701982
2048990495
756409387
1097150103
1522841369
6471180
1899967644
264211278
276192869
1997127772
56865175
1098335463
13126284
1497848037
2098105427
1783175223
471214547
285339330
838394055
1380407491
880995563
1029556722
1088811251
268589209
519948413
398334558
1620255662
803870344
564070116
1390976191
1290310142
2121772098
1292483038
2046719530
1071438553
667840760
2053190710
823922550
932052038
181899931
673566674
988917213
1280235394
686692958
339281602
1230857174
322384533
810496150
1516196504
1160778589
43419993
249708420
42851663
1132231244
518297629
562800076
1530565802
2138553292
1366670421
2094635919
1382045835
509496915
2068924369
527045225
408732797
992879275
1194885985
314439859
1816801825
2126938023
496339790
342884851
968371589
1776575185
1029577809
1307653191
859948711
1351962342
2118149341
228661567
365257283
14085686
478369987
408108946
1146316931
996667617
970909023
529399085
987737261
190095796
476551356
222299448
699592711
397992078
749344673
1108325509
1390871353
1944230659
1422765368
1060189530
1923685034
1919105159
1403074381
744572975
1548196696
285168542
2052226167
260661759
1637130884
2022891860
489323326
2002388168
2036977547
967693314
263013466
1035810830
1964360931
1233922489
1565209915
804614544
1424018285
2041761272
1026913992
2123610997
292269702
1776258665
1084452858
1683141055
1573005676
359734578
595846937
1349207063
131356089
1998921318
2093780038
1679552785
136606212
1998522557
1940214544
1773737096
1873930770
282054223
1628641616
1763424669
1249747537
1891655083
651751851
1066624820
978093924
69478118
1871239364
254628562
2111239390
750669708
230755911
256025444
379444725
1315208769
1939166499
1952450402
1674943347
387529788
1154173817
1806299437
238967458
1100470207
1338368574
375573670
951509117
1131099471
1827119
677956239
1413153694
1630468735
293897260
515417583
1374640170
945649111
1582042403
205250447
1015127229
1305798119
459879009
978882972
2056467827
690634920
1234908416
288428904
2005843689
1026591268
93395658
1533303388
1414121056
1247569475
1192119177
1653088515
200556035
383004104
2028662185
1152065152
1514103575
2030489304
1830021391
779773621
1513474392
2123918651
1295191204
740630914
922084114
729749959
945881361
1937211343
2035548078
1405760370
768610667
1944532257
2096395290
2003519084
85477513
1954755331
882626704
178873172
1340575072
149264112
1426442647
385210601
1802352627
1626998682
768214705
1683531165
631580186
134834632
1566536821
314117929
914608253
932527565
290552932
62315809
1673158480
1212637046
792065768
471556193
1002364742
680130198
1877316564
1770975409
477178807
1826228206
1627010845
562656321
1633499890
362153901
741529493
826591314
511418014
20488492
1211801915
166286993
1647487175
1980016621
1849818158
131583713
2114851253
1268871332
445701643
881975859
53915249
736254575
944291668
1727073729
1948891622
1736357437
51146275
803772716
269003987
1928462839
427264477
746182795
1607207397
2054275323
1308839116
1093223639
268945576
2050368609
1919814953
780363590
2070857101
984133221
946650584
1570860628
816666194
648985094
1702444342
784033799
1917856426
662337
1666009658
1971771676
736916912
462817679
1551361757
538324886
51691468
1602508032
1342097602
320695455
1383487223
1769362080
1066878250
843210973
1676153755
228233718
1936434612
1945099331
131118679
1708765918
577979274
54492133
545415491
1524629858
1625352761
1362081685
26131304
1180313455
2146115484
1943987731
1180975792
1664641495
1768275759
1917892705
2127459174
1172153868
308733943
31666994
627178253
1650831546
352362449
2010665476
1272709978
1419240700
706392801
801380085
1647474418
495343766
598995768
1778593098
56626036
1176975042
1833085231
602041527
554121252
1310954344
1964123212
580252557
343784152
1962755048
376756640
1524759944
1479912895
2145032399
1295169001
1459888421
1169702619
1603902945
1491555415
1796880872
1107250843
1843917865
1660062701
232477173
1115674917
218971854
1033857258
615665687
714315620
1632853026
246775137
770941656
662344421
2079860368
1372983183
1216465673
1243331065
1189622747
1796718230
1587115217
1004894148
25991222
964391513
337323395
23539973
112076867
1797211817
1193242593
1715979812
1141283584
842639817
675747007
837717801
355218870
908224180
1953392718
574190725
1942081438
421574758
1288506345
1427450816
668349895
2059448002
2089795237
600726616
1284947537
1158777263
1844057681
327086637
808011845
1283689250
1331980785
834003068
100597115
1669304180
857543041
212673982
1319032349
2050785634
1928653794
312832286
745941804
456917153
1150550087
1101160674
1365141333
956459158
1675351399
1159739123
1378033916
816374097
439706292
2046383811
728338451
382017881
499626779
2013285988
1540795144
196200812
192888977
201323342
1479890062
1524869762
1035326410
1580487178
1046690295
1892869451
1793161160
218238996
1796171438
1574331307
531071282
394629594
2031248460
1681621370
1495790268
1248906146
490596880
1023658020
261161621
1868630796
1840032117
700867913
1767530959
420886920
1082885795
119674091
286689260
476197291
315874903
479578238
677520633
1795764966
2004448000
1712847043
1228768496
903654647
1458232847
874446008
1121893644
1106920637
301293667
1652964926
1501550231
185058480
1187102648
849856851
1433964626
1677699528
1873514871
1695126247
1398846676
1566063340
248510513
1018893988
1986950260
1331396308
1138568079
126155873
1807593599
1454442982
605734111
337630585
1102724300
462698463
2050477628
184009148
1366353111
1361226827
1058455157
340763107
320663816
1359748824
1993728033
1822214047
1544807304
1033347034
524587251
831288282
563562914
250618474
378930882
1962409591
1816681815
627441395
833819931
1656148427
1958837703
1972388010
1782304300
1618947654
1279347344
240554763
1956578239
234587997
703253227
1859572220
418597145
2069606338
1073315399
1477052302
262885797
1393979216
689317479
109130182
1068709615
86641135
1142477216
1593296866
917929418
1706040131
1843915341
1296860300
1520966074
1513113508
1924301695
207302357
1021778287
1735655750
32206719
656598940
1207119756
1311554063
897153703
1016214348
1546142060
1600406930
728302920
1964739206
1522529620
1801618319
1294307860
1785415417
1048113887
1983625339
1894545600
2116823503
2070266475
889539168
1562636721
840712245
448095651
1259068414
2137572545
1969061725
624698274
1914390592
28880434
1646476562
1502562694
61087153
155591854
562198802
1372641217
1052745557
1578413150
771299629
505668840
159232422
588555187
2028198460
1960850742
1882863048
1666130230
861480981
1719004739
1413192182
830820836
1641787566
155247702
245973910
335016163
603343354
1505042324
325105060
424921431
2129740599
92012004
453801866
1628733513
1594574698
514889019
1784325367
9289853
1887530236
689587276
1587703003
511346218
1195256116
1746935426
1099901405
1075970929
1560302520
835280805
594617511
274299853
406801897
2007809693
1105120690
2048589463
15573747
1351094600
236121979
618917101
708653276
561227039
1043838533
690910227
653239044
1497640399
172160092
100330094
2012529418
1956485459
109619947
1752576007
498589088
1697322951
116438577
1693845204
1296774729
1216339982
622332485
709593601
2051620788
1216949996
983893454
310939037
1077276041
2089014144
212044852
1092849789
1292625096
448166831
1711766890
2001278373
1009393871
608121775
544704952
1662632915
2105762174
716865045
1762963009
1970807945
525866856
1872582957
1575900304
1024455944
1422422260
1692338881
570817501
571713341
761195215
1193149986
1281306942
665332355
262616335
117716748
976271392
1339892376
59247245
1188316245
285258517
1351872341
1636483076
1997025408
1205667066
498393299
457663535
1750372019
13542566
415942062
319753416
1776505576
239266359
845620272
1501604885
1815166663
1870076217
776543497
1360021896
293410070
1348256838
2121217111
1486560056
482080132
639065819
1749176391
599796880
1615337211
941585120
659044125
656169808
1226843637
2010916467
145169237
1076385397
1069099885
643562536
1534048933
671988256
657105103
1949990995
991741672
286127031
41773706
1837361945
1787731916
1856940369
1559954514
416791765
1069478617
1853364584
1765048603
1043212080
1192440992
99645087
1682277899
794133736
699441967
1150131463
1735718856
1358486093
1806301271
815078845
1221918912
1951470508
1891464243
143535149
447549397
1278029528
815523406
1104654500
1080536875
1807265078
1390781531
1122310581
1497143375
1031029799
831767302
909614241
1447821564
1901245919
615495177
1065386519
796974351
1807936170
1165031606
331768603
454586258
1864473573
1481900066
42821466
1075476018
1140717689
857900311
149911282
944704550
601880906
293446432
1392253947
1879910434
1108969838
349424799
812963661
768751268
1740206330
1935274242
118410996
623752481
619557896
1028025237
2071574045
373320167
1643520415
989476916
1170294519
1303972937
7024874
1502063122
1758559195
1871498447
836479540
1801380661
799490818
1977197229
511797324
949402100
774418131
1113678231
1242848532
19188430
846105017
204334722
368613229
1659068679
973085991
2108819559
1446859273
1091496987
585088392
2066417170
2119522224
509178789
292253689
1615558991
1498655705
1462548208
772048280
1505680579
817127682
383123827
1229695379
1653607222
37020840
2029186197
1483320804
548818165
831104649
110255287
1662496396
2073953182
129443718
361117765
130804256
498056947
2020186444
1103890247
459392859
1319562070
47903586
1044481251
1238495592
19942163
1553660041
1530749281
1635501154
904832098
845813842
260065787
263029030
1662941524
643189614
1492724409
1169065099
680210455
1374426958
504902255
1229028620
58047959
615157542
744041368
2132001141
744601260
1105159133
115321750
1242658208
977861930
1219211997
1702051067
149940352
1267115584
599048670
1388435944
1287057747
5225063
771701577
775075253
910057162
1617515419
1035141040
1173086192
1132973296
1678330655
518326953
154554747
211057462
1892753911
659457002
1440086082
1950801870
1274614544
36643802
1935319364
2019215805
1141802935
2050641114
1114390365
2119664865
1122369463
668957784
122121569
242001399
1268006454
1510557513
1529059146
1273231518
134775443
156650752
35805032
1752290862
1191791792
1208891224
737780510
722638799
1727218177
892335257
933696261
1472488440
1551792259
226298695
1275806662
678923156
262942497
1063642378
550655313
1404745433
966799844
1665045678
1376926650
2089169308
186519814
1499048220
183687059
1454526268
862122085
1712746206
580274138
996897528
1869396958
616079170
601704743
913705102
1824970394
1339485253
1636343902
1404704923
84336863
422556515
729709715
1636129122
648855211
2005516378
167568630
911797708
921675108
718223943
169059493
1888474953
235785973
1545986144
1830160613
422305787
897550716
2013847672
1876832056
1759672801
1579110230
309622546
609086682
1301023540
925701717
1210791425
67244995
603188463
402793030
1703588897
2007893387
487129893
2126145412
590119454
2123259016
627516975
448152184
143343998
1539314684
1369827293
861567942
1708374177
1110818598
1097353915
1106876673
793495563
1519659703
2004427389
659859587
1249008111
1616616543
91486170
1558630657
78219577
1392509710
336848726
1289011002
1459754705
940037190
1691804032
1015859954
800446929
31450278
994521719
1390566383
7225646
1622038694
1838718568
150569644
1013869730
1061062213
1012137586
574760260
24397163
2109491502
1681636933
817892726
1481667557
1538580675
1477752313
583192020
1007713570
1569238483
2141822677
1085933147
814264546
331187756
227460501
126535603
1271224946
1919264533
1142395558
2071671875
1950714811
2136917277
1314754610
1957940457
1611472323
1005989530
2108510102
477858406
2067051743
973164040
1052618666
2091448906
935171894
586771951
761857984
269355803
2125352626
92126650
852547823
985582548
1661365133
846886853
2071515695
328146031
1178074609
151492548
454681635
301815907
2070757082
1597077193
226004134
1873988245
1586510822
1540758744
1684445055
1050499497
399264627
1645471509
1528357903
318832722
471151901
433492921
262797981
1406323796
1020264873
1024655965
1675679599
998133851
1116782615
380743775
1983716400
630664101
1227630628
1907748447
958810132
258221589
2059240996
1413491767
560037496
1982514430
863085312
786041630
1709019027
302112486
179316726
1245980434
1352611984
578581353
743968295
733486239
897414076
1215120197
1166979161
1160212057
473960345
39760386
37384374
2156296
1037894237
1154166990
382900071
874126989
1784831091
1610530699
634391789
596157575
1868752288
546149137
2009649343
281306136
381179919
725251007
1067347766
2090198946
1027363494
1246664493
1188695733
232491830
1825245846
1932664028
965978069
575176274
1000300577
2132957230
1735388331
1474260922
25233968
1772772706
1476417219
1063128206
779456048
1859317290
1937255195
416803491
1322364342
424163336
1012961066
1043632982
970312473
875126761
1324939119
1351492392
1600377769
244803237
1294207691
480257615
1491467730
335419776
712749445
1169229929
120600156
1678727514
1744406203
1120900734
1664201097
1332310887
447678008
1689435065
957599945
1924095227
605079623
1737055993
1635928870
394851171
6375836
810809564
819014507
1019336902
1854442546
1789326981
1894463664
1031898017
993335725
1347357785
1276701255
140059768
1827615400
620685337
475479544
392881197
1789915266
596079701
2071608711
1386837822
1716980435
1588326160
571665061
17174795
1130277578
1529265006
1941270023
1735357201
1118837351
1429715245
2130208372
1125213187
93041161
801739232
2144550089
1947483707
443582565
1891530105
831898077
1436918290
1091404242
2108599332
1576978059
771535994
581801021
2052457603
1164417191
224232640
501053656
1088542255
1611070462
70550443
529384767
35251875
87725239
1659662345
1564516881
2028995262
1247535899
535870584
1311226859
1230260623
1661083771
1404268020
2031999855
1658150212
1204268079
328098772
1402196670
2036166156
1765017063
346117264
1997281840
1194511474
1117653259
431599214
1099485429
134586802
655831854
1600539086
1223129057
119418668
1671089529
1752513825
154670543
1758814768
1264692522
1719187424
1640326382
364744773
107574360
804069593
1595005397
1768658131
60853965
1479521604
1279324695
1265122045
1807620377
534037717
1153804553
1425153792
880154982
1003602746
472181618
1997808241
1435201960
1571667047
2132395043
2091033814
1024722485
1208040453
62968834
548328367
813070630
217639377
159659487
2077763152
1936826801
1799985870
295024278
2044401161
456571815
1890029675
1665575644
517425781
1222067631
797416691
1782547826
882204360
1331454409
788868731
159874504
64125743
1792471477
632056122
2061933984
1080189789
56239522
2046845379
1023739955
1080962007
1107402184
1086708789
1629290374
1920472814
1304348166
1788949862
1850752319
1093691319
1441452084
2145776597
990608832
1898023899
1888322624
508700828
267966032
962906607
1306117520
2050513858
1845110968
490088281
691898942
2004985472
554214024
336886771
489557947
468664360
1417076561
545797469
368026091
293332868
1626759476
1475428276
1380041658
1108566203
1248417442
536906176
750032417
951686113
1630597496
44000853
949979062
473722680
1942024752
690818038
982423509
62507137
1653724646
141057381
2113020995
1351351966
631145662
657436289
1208853790
1185359686
994323061
1698411737
1654024046
263915974
96725558
2022050137
557248842
1723485035
1349994765
1937290500
684567590
450928560
326713029
1434600007
1402614673
1957310525
1478600860
205110088
283549557
1273141964
895928126
1265973066
1335649101
402169124
1407030447
1301186449
1753521090
2038176109
1958622738
814891233
1076052147
805462151
365819322
582592545
1069378125
462544881
457159035
1626626968
38546268
1807153800
1416433820
723113858
110598712
1743146849
10230217
1513213386
1552973726
1488831077
1718323474
1836523284
614489393
466767952
955012702
1950138495
868937077
214559502
1103841296
474974519
105251963
914980386
1289865752
1181304111
1720442538
1655685075
1763896656
642337015
2118229956
73572043
121480335
9292576
1880725844
1537914156
732406434
1991324556
1133577357
742636651
1357054294
539067436
83984080
927894120
228107072
698473473
1394662073
1183119774
501128320
116115502
1397679276
1604969616
591090021
1502931240
372466355
1880955774
536751703
2092908893
1389157201
153164711
587762260
1359903509
226736755
709242596
1369196085
2107462599
99673104
2101602519
1951303507
1233250461
696755522
1160874154
1772317897
780739602
2088768274
2000424969
1479213075
1335946699
1036061096
1980341396
1452062201
286256724
1437827364
2043152223
1789187964
1810293719
1776624349
178456019
1755718964
1018297902
331620731
195997577
230717763
558357486
905240173
1599913848
518336437
1004913277
1554032719
322156296
90680090
103304593
1483030450
1862997988
884044195
1424315077
1715939309
215773622
612778128
604516757
48631370
2064840330
890773482
1486458735
1960508905
532477798
1149268806
1589649606
710933818
757504123
460463860
1042554549
953501700
691181623
1600912035
1858741873
143611823
2119248472
716171502
1697644542
293921120
806851592
1800949135
1776951571
522365932
537509682
1053783000
90821594
753283304
1666561128
695338351
801914675
1583917810
1586111833
140889762
1396943067
2118589632
1290158568
839109025
682039802
2047662691
1299572885
1724594351
853680743
1990754508
1178022738
564938968
2134366331
1149787562
1281110470
1684527225
1443708682
2087962063
1337992712
1073176605
462844347
1875502394
2126959605
553665941
481302051
1646037086
1249004293
1283216726
1082471248
687632478
1424106488
331930668
658738462
566781408
1171039693
1340778264
466960452
323128931
917888967
1320641195
166399791
2095911705
1885580164
153282475
1098215619
1019206986
1837809700
394440654
959685401
1028318765
1467617259
1422529749
756337511
1447093217
1976195690
1237639562
945646655
1077716335
373372640
2028117903
1765348814
1797479128
212564923
276603628
216776889
1383604617
1617381893
683737341
1706733548
387787212
2004378536
1873133339
336215270
1742475052
2026415814
1434430889
614198391
1716741867
1828871543
1573883792
597576984
1149005155
848929893
1353914495
448614724
677641936
444070410
1394261379
1755358271
817443050
1274895634
1373223437
467438531
1487460558
1649827066
684215420
723581527
1119725311
1367952761
282831427
1507512523
1224847649
8481118
1843727793
819839054
2034896933
1130675035
1434037445
1604155152
812062930
860437589
54248488
1961068085
1709367483
1408162983
262199161
239525771
1852233393
1656460540
1994884042
522192796
783872527
1220623832
989631327
123849437
722967250
1673846747
847430964
1842692561
894315860
1130262391
1202721436
2119163509
1138743509
898965582
791518915
1026156794
2029640617
78072712
482828298
694219899
938510302
537076786
507804337
500394137
1945239770
770003498
739919908
1649989515
278980391
587320302
24698663
1062852918
1807944134
1014329990
1186702355
383427736
540693089
2034133319
78636649
1435008949
1016912062
1281358086
1406688811
8171923
32840020
50724078
1034328718
2062480637
128796791
1517157016
609216888
1067307093
2054233803
1117021225
1567701230
1851989925
1887024724
160137490
1354495792
18521467
747457792
1379194456
1081374385
407918279
246040798
120593092
791346015
786733888
7242763
869982665
74259189
1024154825
3857103
1480948000
1032326748
36697123
1531672079
2066655466
2099177760
1660468870
1436328835
560911000
580292315
1343078990
1677932226
509897
1047585267
1417473302
160647387
254597411
1435994769
908105179
1633791867
369885506
1316023458
1879832666
490478598
2107369474
519082906
497721361
829868491
593342095
1521876186
833725594
2074290096
406719286
870422717
1458478527
325891105
822116829
971463749
1762219940
1383027829
1551756064
957815282
913476407
1552265961
2005400549
183466061
1712913348
112514312
1619460830
473534879
1746306180
1989346336
1789558338
1478655198
332341286
1749444164
1997738104
830062647
431829007
443596551
204455185
1265554601
370402999
611174472
2135977318
1828881526
937065577
810610499
652861627
551801869
46154680
57134043
1509617151
959631088
1609400004
1367534052
1143097149
1174829704
1480048364
615074332
1648364584
1078870896
456937020
1290439274
410042446
789278307
892399790
260296902
1619340954
1324228797
703893454
1823796140
442299750
1074296453
287486964
430793420
755694332
1224552541
1241403919
1408555959
1776354410
1287558599
1465690003
1138487913
99706039
927606359
358538317
1242803189
2102436064
1838586681
1857877521
1603317000
769973930
167330893
746272626
1180016376
956609200
1638672416
1440313279
428466507
815417565
2144206733
104778999
1257717315
1071019538
392265963
1688510735
1826713870
1616818504
782431006
1087786182
1245689266
2069989605
405992537
236693531
22211997
1333598896
595231848
1265015186
1288551312
286334881
975409059
744384664
1056308811
1142739952
1490657290
88841540
2099349153
981846058
1529154819
380332012
1797263623
1525877904
485111011
907497290
449413794
877376974
448524377
128644017
346711830
1230955383
1216430199
1592401096
1153461341
1622422736
1829094627
1175673338
808537984
276842827
293204876
2097089297
563177708
1268613935
693990313