1456006657
986580368
145549509
1679918020
1631972700
1028630185
1816697930
452061612
1095321462
2015386866
1144610055
548311985
419191759
1730857841
944500200
1642374732
1540024229
1865057720
1527046681
2088879806
191284243
1110908723
37189571
834273487
1838172685
1407558494
671720148
719693564
588084011
1840650649
1404465490
2044090668
679747370
1550014999
1576525040
164236422
431161536
1245739323
616298034
1526482999
1113642541
1760908090
2074794984
1532834300
1344282283
871811536
1027725384
736822864
589385608
407288417
678219022
780669851
1518197140
715408594
1614943339
1208886177
2122967088
139179839
1928579742
563567451
1979830489
1185561584
460174472
512094211
588092935
2036699512
676330633
1019254472
1134955187
1292628667
398253823
101114080
906053109
325565159
1633948380
102851744
1197376695
514190117
839674608
1786762303
921478534
1517893631
419948506
292192027
85818577
2034891845
1501078204
61302017
26588037
1282174298
624869469
2006418526
320252234
1085043941
371029089
908345170
974259805
1047359722
1927599642
2109214993
192504741
178369817
62845425
1098557851
503934976
1696793806
1201409595
1701311671
63500275
2041084204
1340590326
984978809
1411494187
1760538832
1277170836
1497312764
1647947030
630765393
1558614781
1674535067
1912939691
36000602
1533469945
85708278
1121044543
1904499034
994053448
2095304349
804375108
774169442
2057035694
996879849
952539259
2119881119
2095437700
1456474235
1669191277
1149363648
1010302258
1732691552
1042964204
203408936
570186714
306974743
1963947768
1847357550
1804287507
1464411150
330639295
1215418640
991462569
96095339
1251419243
377448866
181803617
224980138
134464252
1175857065
172800839
938839360
1950026507
82352885
1935719210
755082118
54750357
1883673262
64072705
1723941634
885553262
1074374963
1309149539
1928517466
1277783899
1879336253
88008561
1094248019
1579210155
1892296068
411175522
1909849451
960231061
1402638091
2005944790
64166656
1780086958
40264759
289146794
1914551210
1216121824
461947634
705906923
1018664683
544300519
494142485
1773746801
599050876
230332099
1837819506
175508863
1115885362
764710821
1484658402
896919180
2042494720
1216511007
984927742
989259091
648237514
729740162
1400434613
410603317
1689971223
655589057
269064459
1754137879
288192367
309329218
2043284674
55259929
1525451042
357748660
761166852
396632077
902049179
1255309337
22895230
1501100056
1485641437
1860714736
1676608919
454043151
477941909
1013783673
1350962331
372952981
82811032
188406425
1362212073
731048546
918146588
615163038
1141651864
460634163
1270752095
1410716323
67288395
1558944462
1720045542
2110573069
1614204392
1098012936
320838081
227887596
1494645014
1222887260
1483196934
1517540244
576503668
821354723
1230771333
105628939
1275397874
1708713242
1119412612
478876557
2081666224
1202223644
667282983
1296394649
1933272191
1585429571
1911557687
927440407
2046063734
1034826135
190673082
2113352129
446286949
1910718624
2076441550
2060491341
861247913
249795983
140895290
208409279
1472683244
1624092224
1725949523
2049186912
297963299
809237208
7332204
1573361173
370466803
1126744816
2052237730
304649379
181484813
572037065
1601044028
2114757004
9982988
1365118067
894713763
2056046723
252460554
1085386845
2021915204
698747504
848621822
1950873107
611755197
1709869735
53185442
752650487
1918279014
1525868686
229259063
1496744889
1427571951
527222362
158498450
1434904155
2100583535
528965253
414165323
2005337618
833614632
595650136
429891035
287175012
562923492
439874024
1652293079
1457637255
348437099
1904753634
395540453
222868655
456017490
1244162275
26258114
1067772687
806548362
79443557
1820423175
577343728
1605312243
2049682238
2074088617
885400546
429420953
85103419
172821053
382520840
614068672
586986377
240374810
1447683304
1182636513
670265846
1734858316
1745560006
1110139870
1239667748
1055713613
1458576969
996937734
1451254066
1681445624
1452955224
547932693
1707703739
373244263
1354481055
1787147296
46183790
1931824783
1244975891
2095866029
1858429753
2130376438
377803334
1943533172
155713843
760324174
410118197
742700220
1000698985
1857801501
1925336734
1670964831
1445176170
1523413092
633621053
537360270
431643057
2092198022
1534298004
1882897124
1626159998
839769580
283346169
1186380089
1213013843
1637827225
826043737
1259197634
1422168360
2071019629
1207580015
1133114465
2053912419
1585383349
929163990
62142614
198223875
1339282187
804842835
1198922860
1049600040
582695921
722404043
347292562
2106109013
1356025096
884652832
390268422
1300739470
271467188
125681898
779415821
1111236768
409028068
1965795910
176766964
2046855293
644356000
1435964598
1321540005
567891981
496060965
307170823
474320752
2081444314
1236334813
536463366
132184541
428133352
1341306201
1331107402
1477733392
1924002122
2053511445
1825025955
1882627487
1262052894
562195139
125412262
415308716
833662328
251094160
1194724537
1944899096
660122228
1013036800
2121666060
559493873
1657392800
1410147010
1881033879
77801133
1906207975
40721054
552121885
1840168641
1277055867
1088585251
1972353183
1705189219
282407805
1155976937
1035438963
58926279
1062004734
712981270
1941553767
176573980
1275176410
2066966029
591882697
2108838738
170576541
1786607234
1906254186
830698770
652160386
1880436599
1390192643
162069538
1143099961
1123742874
239870671
901824289
1164463928
791992556
594509282
294036147
1880577808
419378817
1999225366
15501965
1575355754
887180682
74428244
489876841
1600161952
2015982011
666450821
727854714
1935464392
1258333518
689209804
2106040934
897457105
447980343
789256056
1549617491
180933294
31965051
1711687030
1324033255
1155707926
1951557701
78373896
172688206
596066610
672883179
466724354
329160770
1092261996
318466072
344662735
520134103
1205646754
419090979
1010010944
658325059
287589343
1676461765
1386179773
75570087
787311636
2075389578
34127373
1684768741
375886273
823383429
1086902584
556819567
855348481
651105966
1880852822
2011056407
455180020
1959226719
36260965
1051246630
484626250
502985319
1380407400
1576888246
821451392
1725070135
2097022349
2027098146
2144161114
959549645
537939557
284266809
488527763
1924119331
359836897
1275839399
1852025261
393964270
813124492
80427886
1217347700
1900027076
637247453
2072696181
403649395
370616627
1936268940
858829415
182359698
1972529905
1910076045
666985948
328031577
1142999797
96390547
1149482969
720586284
45929248
1029097467
717263750
1005478894
1567037025
1001530560
1494006657
1343672708
1361367457
622362408
1048214321
1755331727
1435486900
1128642207
825195779
1188030328
1765889660
750408312
1591679723
2136506287
539193604
303025490
171382338
364239862
65617887
838368286
692271439
1208617684
934758833
1841754408
1929203968
980688082
723368227
498984071
1986166976
142921604
1500514631
1332689985
1486594312
714398440
1955052393
387324985
322246519
1243055645
1515967192
1147442299
283602325
1134373204
1897850611
1875282049
1123395844
289560568
30823891
1294778182
653800430
96441779
2133146468
1346071869
1305059463
920421654
1040342629
1086779784
1901109736
1763710856
1585763855
1739793064
1906632461
938794838
924999401
1245743125
1653193278
732568146
1633068111
1975439797
1975623791
1001551655
975398448
111742468
2135924860
725765412
1987024517
1111837056
1015325980
2017848409
259131590
1669126410
2114290188
244794410
867714631
1271866003
1165216064
1908057260
211162139
918842152
1524284468
1796925994
511151568
1283433281
588237184
1436150969
381692759
93946814
21235467
2014760870
2069386612
1996859258
868828877
897301412
2108601727
857270089
1623066824
1948142596
1969107145
490909156
1818507357
80755087
12551918
1785313897
325549498
880266549
909696253
1490765562
640840161
1120858392
262124067
17640982
770300739
773275635
1301074263
1358537923
61942957
1682767022
1452484738
83178424
1550044244
1374387702
2080037683
271389474
124205466
2041155762
1128659563
1747272291
1841814710
950283061
90697799
1512838420
1031038148
103249718
1150668669
1356587646
983516267
2060364922
699869561
1624356429
1033739667
961993628
1641997411
1804040406
1735269263
795588026
1015094681
1797212220
330871401
320095771
1880390645
1880915645
1694483473
1812944680
4821471
1818688940
1706616794
1133481035
1418477583
1400947856
2083764096
1509175382
766302628
967318596
1612425100
1916971298
176422595
448457720
1829852572
876292156
2072814149
716108591
1838285784
1567327912
372665349
1426071399
215432290
1387760031
1075799972
546303691
1707855802
808706969
279735689
1254855628
474168001
284557160
926060920
33301147
1418038195
197054855
1434249003
1354318643
1706230237
53067984
174153592
1171171690
1970039282
350576187
1619629410
1652408206
1226868343
1544959911
221033150
917670479
964804175
593698499
196258230
1180236465
1981458530
1272058202
1726540157
1541830685
2080765171
2006275846
649202665
407449524
143349358
1575263585
440750671
1561387554
1772318440
1874999675
768222549
1331065029
1928067659
942376141
354753071
1750623293
1292952328
1974382481
1255547851
372337023
1371858744
1476581001
1290007502
189179271
2070279501
1486265733
1369415737
1904254383
610840287
948472246
1298601420
544121811
807264444
1947804085
951571335
950613802
1375584022
1392322007
364517708
1000418814
1119838034
1132740258
184000196
900422045
2075116399
538753267
503561690
1220585080
365652101
1759109541
1592922103
1737510845
1088206895
735445958
1926690117
1011002748
74228043
1148622206
767773483
685068330
2097094452
2066374904
1229190141
756875248
1866695341
33277829
1707489050
1094795716
1425599836
2072006759
2095214530
397954222
1057263369
131731078
1298376267
984896120
670484346
1801937957
57997552
1036136447
1413563850
1650919656
626163644
354287097
238881966
405370113
1365289845
313110009
1553992319
2133063329
998178339
1503603123
2051954585
79884833
112994723
1771166278
113162662
1820483774
718478346
1538762498
1745006885
666209229
1936716720
654786606
797940307
1087609339
1639682726
1468424653
742063648
1697680279
357077452
8143850
1201116287
983241097
362430948
1439998253
1388611210
1727720793
1753108262
795119882
1713300474
603802953
151239357
1617771411
683687786
264234081
1241454042
796850448
2084717855
1959932388
188129298
1682241092
478657969
2124846018
189544050
1276598277
1064971709
1829226776
597539282
1807035357
1379423407
954616735
1815179208
433056046
1937857832
30126508
1873054299
1178985394
1757847301
1478678913
1974105276
1323664128
2082481867
2125344634
793951891
618686005
242095067
2035405933
1415536454
179329274
1847854674
1603665752
1861570366
179028995
1581028123
2051114416
1455627272
498516184
1732857544
2053166555
158067894
964797304
860299642
1973247102
1397853350
650673826
2003373610
1123424002
1829659220
1613737263
454619267
1656280849
789917743
389617486
1634141835
1583869635
1008303492
1876236902
1471791920
276356298
2055566176
1172162946
1880022050
1769652894
1351191942
1313566525
1673283662
659335566
1812082710
1258657558
565018473
1970150604
75971214
1425318115
1795914058
1473824565
2075991941
1651804020
449764919
1758167514
1118057635
904384186
1266964715
1907975379
1294001673
753622902
1344361366
154821517
482376156
668669638
431177815
390458684
1840832585
163716217
12627930
1044540879
1477282743
1685911592
1703876445
1141881805
797085502
121411271
964548761
873056717
1546729386
612979171
199397634
1475237680
117299543
649162553
1085921546
1235357178
1553546739
205402613
995848909
700064764
959025515
192726627
854886281
1441401671
861396266
1286064096
1831860355
554745203
1449780314
1844488285
1599286082
779579409
1382916229
1155678879
1921461214
32518083
1277090150
738526327
905574800
676335889
1351505498
1104972434
4089921
1468805041
1754134987
1090011467
556678571
1160198079
1295414080
1552527481
1860262843
106955947
1745254108
567665477
1548357618
459166726
1853729573
1232734325
1013911929
1156026239
929738962
465714363
1935605648
165171543
1621393243
1709583214
197689626
750999745
300625893
1103264427
1427335634
1652131391
60753213
1431425555
973452784
1814888201
373953374
1530131356
827602632
1669367454
935175189
540381827
1776323401
532945649
1108047304
1177197371
992112376
814293230
262448048
2006024305
1970319469
1192187010
324255021
1758441470
1357358553
1945648264
1320541036
1555048180
549164361
1621166930
510828959
1976499996
1125814673
571582172
1260441903
2099267458
238986725
1634395278
1481915166
1066589357
1156279084
269606707
1606971185
785118838
802552356
567534841
1962316209
1794664732
1381828071
77280610
1653205390
1204663893
1269467620
1977460411
815621715
479342526
1775625027
2136162751
2034390706
177305740
1609846033
397736017
6322088
588177059
969318189
1266763992
539960869
1208304915
753675622
2021876035
127410624
1909954706
143999094
1734381809
547589896
946551450
154433003
362422458
593732535
1536261074
439703068
99454277
593441319
1709170688
2076914688
1409063034
41029566
1705056067
1397742138
2075420272
1882361807
860104523
325672641
1888683896
1448281582
1294990831
1007964240
1988242451
355812098
1761639862
1862634838
483222722
1524110920
2006633932
70120884
2071700817
805701735
224553887
286639627
1399434270
1760814961
726342695
1498888547
206772633
288029735
1428319587
1615835667
329059302
985892006
866094157
256995926
720770165
1726198681
582668568
461970413
1026996615
1877659399
1469934653
867755419
85987849
1084090867
582906609
569210571
460718140
442056894
639331455
384935309
1247758629
863885342
671574936
499709251
477216656
1397917631
1998597798
683989289
1685947366
1279433737
152341308
2015006668
117842095
1018435466
124518947
838612260
597150499
707187515
1300582674
1624147114
437363266
623033679
344418885
523351115
1707124547
927325495
1092561686
20359039
1369382389
1731893142
405294348
469657370
448294836
1076869284
969366621
925511492
327303267
820480771
1609500781
2013250633
2099914508
1761842090
1880773654
70272955
632793908
2005292601
908885215
1229944407
564996468
61984241
706607873
1002359734
685017921
1051026759
1525710849
244658820
1978352254
470788887
265017859
1200250995
55198381
670312207
1669908365
503493218
1747181491
491791338
1429004710
2074484758
1312272109
891021844
1940251743
1264702969
505380286
1673541749
1334975924
1138174194
1531350702
96377491
220634953
2096347170
158361733
927242826
951223256
843379654
1978269585
329450457
1088038474
1809138191
800239345
1353056333
861905538
855437726
2023368540
384330255
1358930944
1623066383
876121593
640452007
1550067493
40910054
1531473851
1342835588
1305613023
2036854137
868893690
493105299
1027544683
252760744
589482791
1248179636
201624267
747844524
27938814
1152847523
1591224178
2006208400
1482297981
531779004
1667862943
135053678
1884835337
382284834
990491404
1760720229
766615089
201938701
1236302964
1642736683
842390708
638886809
1683646737
226380911
1981722397
841776113
115751400
703132439
1334881412
1143296083
955893184
1924364203
243992071
1157517451
524725079
271930885
162881326
2115949257
130655637
1645179307
500244613
1798518581
1780232985
237596302
33319767
623240742
1998316531
799934856
825179443
1087135847
295187891
1667570151
1726022656
1978834629
1893951062
1560261406
673127094
2009702462
115910197
2008008506
1005514897
1071803381
1784889062
1249506968
81837184
162130493
1521437853
244718511
130596103
1652093491
1889897818
630840716
1303128424
1522647156
868437019
1336448191
2145887898
719269902
2136383047
823583693
1806405750
284087291
343670196
1384944758
115438272
90137610
797722516
788565366
2099840072
913632714
649090224
957871321
1985436095
286495638
59894641
2067273280
448626132
1581332494
164508143
579222235
1085942337
2054405961
1210062951
241587113
1429569469
2078499970
1578035304
1427973719
650286225
1566934704
104073764
309208327
1851021995
447743960
1694153085
1966460267
537881570
344391954
607541985
490237994
1258024668
1256632209
1448109315
1095977115
1543127848
1508003956
1015766747
1991753980
941852803
1180274890
423492567
2027795140
1087197204
1633555518
121898606
369283025
1564571841
1699933910
1797256745
67374418
1119384966
1901330509
376582745
822923313
201590822
2070735830
641899932
739472392
267644136
1249441917
1229710387
1525668804
358590479
530336054
474162272
1901718327
2038340011
1489929019
1745988659
832709166
522720262
21997578
713020658
1609917466
1655553096
834919264
1979200491
1072641289
387369527
1628973588
1140015707
1506754493
1382820450
1516598452
182194159
1584411272
1439850635
824094091
176400016
1707494771
2073536009
1406110403
1085679928
284642840
1936446458
1559842200
38877519
1827302821
902287571
1784866178
512528339
1425007833
1806863756
1225548997
887441651
1314933204
2060468262
719158495
240090846
300354141
200648435
1380106553
1807108634
1583468885
749221358
1989302793
1020396509
41588345
665913237
1196796526
1749083116
591965598
455423281
687279396
876608438
244386091
99637948
915485957
2071688912
1001925520
552868487
436733603
279449705
212248595
1662282601
1166891357
1527181799
1575267215
1886049852
1767272645
1875621356
2086698287
999895551
1535246342
1522683525
1749116909
1377065488
395596386
1790705254
2042978725
1592392912
1392304722
487460675
2047816194
2079584119
1364069113
144718637
31738419
132071422
68923902
1033663939
684939909
505657505
1313113645
897188504
20456458
332521354
276886655
1595723673
71087558
2044159301
1323861381
10302197
896571204
711624076
1532985722
498204465
2088689564
1928582109
141426071
1984184641
1373491373
1533730793
324161668
1273823919
1465831264
1688230781
1418542557
1497569684
1820302203
1487466459
383749975
357758464
1993123964
1696863620
1254946968
2013580423
2029384974
1531833623
1461820448
2100472532
1428509276
638198182
2110774730
177596832
1349822258
1496276804
675801297
1291028174
1277375265
817227368
1127729167
503382991
203474514
1451890835
1777206910
1669305778
992637968
1048265819
1019391814
665456523
388248630
1403141790
1023214987
233888947
952521762
130678307
99985722
834423089
1662511930
1561806170
787411973
943537559
52520704
750703055
1121134391
1402342962
99496212
1796935689
545887488
1376871477
466679409
1673616655
1880254468
670153923
978023842
1509977731
191976054
1970661810
410759902
1211367868
488634685
799008533
467026010
1511849672
1032897480
1419547773
1642527979
1132883202
106487214
1157556262
547205724
893899187
2101093821
599726429
1644602243
1074744564
2002069391
1744098455
724196605
400473232
973486284
1190876015
2074089887
706257105
1861029938
904630082
68751188
2053005992
727808244
479511090
1116890213
1216442930
1278519623
1583916223
580808954
163933455
855980348
75853286
1296816657
962467562
1233409548
1844022382
1856366750
1187019721
296265163
1353485345
114280637
150850906
950100152
838477243
551324138
1923586436
2029353258
477930378
482359893
1742899548
1382560460
551111081
1648421893
2110368704
1030622172
617828458
1179327986
161658147
54261033
1760136941
325591603
910241382
1835990227
1622408260
1872708944
921916127
1318946994
1581592046
2108935848
1615212157
787593743
75732837
1766063064
1737693895
914210080
169903554
1513796684
796079690
647833932
1996156577
391495591
2030394392
399784011
2039917484
1993279449
1430406183
510262294
1025123787
1592064330
564523327
637777080
1917655933
1474764709
326283659
1392580546
1199990006
1248199786
564043892
634098404
1209651986
31772402
1421692148
1285384824
1797835466
1011902395
52111256
1967739020
378215431
848190947
468089305
226888361
1239686538
351000049
626672372
1132120374
196795850
2057078555
1642382668
1221919638
1501659237
59422347
1859696718
1271831523
1534187057
38496730
516928421
586693415
1286696516
1080972313
1220791819
348864855
1112744715
495000319
1634249679
763096533
1506902715
1686360935
583351906
1885118146
387068234
1051441211
2112006507
1626754772
1402441260
591195231
611391498
1599237111
500790138
106290518
673673101
2002449376
165712866
385886171
1126797251
1699899923
424382901
1643725672
139109690
1711079418
577214337
1359901509
2059944273
1689959053
1854901829
1546710304
305571938
1214320896
1085587591
888923844
951955394
1472655826
1940365055
916478254
951926950
1195322668
1507673485
1563318449
647076131
2008463624
1669608967
1320749232
1863429352
1835321833
1706635403
842742955
1387738108
2131018305
338984979
1526847798
1694614075
916199316
739265660
1607074700
458674721
446683841
1006301356
764246660
1661004737
2091888947
1653170504
465476483
1417061125
1446051912
1381954737
221504428
493890932
742144575
1784822877
1140967063
603124551
1306948196
314232647
319070255
994786382
2020868050
1161813210
235040842
2004402707
1500798189
1761888641
1551533134
269513857
353670653
1011124186
728188579
800354494
2017425542
1492435239
313875583
1961830842
998122095
779352066
1231408319
296690359
13823156
1452912747
790581291
755967731
1090251976
1931548354
1359092282
249716525
98297353
1678162537
1244502907
2119165404
692492099
1479543749
1976084463
45806640
1093948742
1380133950
315320497
1447619395
243774488
1043509076
100490241
113716383
388460667
414365824
2075547225
1386582763
1193717891
1159471896
1683273122
1207541047
464900996
326370766
1963508778
1555152972
110435472
1175117412
1804869497
208732826
705796301
901888756
180414582
1398288400
233948858
9015397
1444095040
1327897600
1389149347
1759415537
628033348
1632923836
655440966
728523589
1746640219
1043901633
1142889414
1674703796
283000748
189123657
686692044
1966273871
1396664704
1151593040
145160989
1212689834
559262365
255596461
240323598
216648214
464329287
946119899
1118536971
644743869
196924651
1352485829
653759267
1641019691
532899781
2042908614
1252951580
1160933129
1528348802
1908392546
1889456719
1127505373
804810532
884862485
654725521
1087811280
1073986142
1341417566
906601503
323167198
345526958
1051762492
1535857032
904789323
1307358954
1776180630
1121437538
1771688241
574816881
92490861
268948463
771741532
1444976690
922707730
265277575
1977876471
818132696
1518229155
991325953
198997851
1279138054
733299024
1326503224
2083948586
1618161509
1981228746
1024276218
544664003
1175162664
1930877722
867831201
1520689622
835156566
256204585
277995298
2142515520
2032385215
1399432836
1766720114
459718448
1491923697
2035668577
1231459980
789416739
810892659
1496737555
619809562
1629025355
867483062
1611135515
1828023206
2146621116
196950891
1007042783
2083086054
1815112400
840787881
959878625
212292755
2015950545
743272699
1080123956
1389156519
1578429265
1336328541
1667151817
1573461138
1221230108
919101005
1192697604
1680948556
263541054
1080882533
764924888
1052957793
1891775192
114178795
1672767356
1373316899
981661858
1136419223
1053856458
980799326
1333370115
2060899241
916401733
1000998867
754203474
1876280358
1213291623
622670371
472069409
145931931
2011826890
2050498674
1482260473
1531495060
1476476164
556006933
303112417
521690120
89471842
566653472
1602572653
854396730
1619611265
1346864197
968575526
1144894973
572697449
1950237384
133830549
1626553907
783553062
1467200664
1539969500
1699954795
320715883
146689326
1428751505
1534007506
769359697
1900820914
1679939438
633702939
1803835941
1014716263
17714351
1132828457
1570723196
320826769
1654518578
1660195038
887480241
1109607583
367108121
359607858
308988133
1335683647
1504502832
881685582
1138437383
1638333381
360755841
1921990445
958050397
1900725341
1474461593
1278766280
2047414667
755729450
665290139
669290716
509066717
197745929
1302993655
165419010
1212462192
1320708007
1298247467
635701740
1641534776
805282397
148413131
381531369
1914889981
515521252
741139227
76394466
1851204899
98158411
958080048
842158634
1736491792
1318835889
616665431
547058541
1072077582
2091127024
1825824822
972008601
699372827
343631313
1641299317
1208439544
541377242
796809324
1373858554
1753839434
2117517331
524622373
242057526
1611568459
1329904771
390470657
1993099828
1097311104
905991909
586755408
1173705570
609713160
684913819
2131785618
1451871794
273921964
1303137859
2068537226
820980505
227731793
2012180602
499321679
1199740394
564069781
842952992
693556063
1772509325
1384330234
1490365387
998884231
990686020
1460399071
1523506605
1232743547
924483882
705927728
1623214204
770100063
1803238832
381722466
1356855471
829460754
991435626
2041769290
813762724
295823773
168207606
2116900583
216877351
989188112
197148728
81574305
1488509791
1396889122
645644087
183979136
2090445185
270669764
1568309370
1433326924
1269553996
411511743
746242347
645576953
1644255290
1670726230
1351504681
1119985846
293342645
1007259865
1501708312
1650198116
1836720619
345660291
1544483758
502999695
641484064
1712691365
472416630
858361415
554395829
669565358
939935720
2042905620
2066454480
1585579807
79401108
2009416017
1856249572
1647710479
1295259293
978319920
2059222222
2041501641
1623896873
1555993864
1564744223
827917906
528496062
1858086868
1835177771
2030204375
1360801336
1524414742
228381018
757801446
2027414437
869865082
323009163
352347419
1728226497
877404992
1021912777
520678569
772826965
940883609
2106258377
852228073
802815978
1815024301
352454904
2098075271
645860573
264193478
1992093264
122273798
1820187342
1409353839
950191704
201199757
1119957059
637885827
83920484
333274747
14816921
312301502
1091076194
2042231358
1182166584
1414085357
247095129
762909433
144006702
1269007906
1283588002
916833667
62407867
1242362731
1769061740
865223845
909903384
2121516645
815815468
1555763957
238226475
660425085
1678037755
2058413818
2069778924
480745811
112129927
1042252336
1118631638
196050411
1375527083
1133448559
508351913
319119629
1028196269
1690518497
1733204987
1275291398
305944282
1877211689
396815656
1589532284
646561708
459223523
684411368
268139800
1324447368
1594314752
242172797
2140262837
1002595062
480399273
653204274
533149169
391329443
575499550
1013894981
503459370
1617751886
2132526619
699509781
845795322
1118491531
1207861694
1164914951
2146687800
750896543
750636290
1274495551
1056840825
480364331
1671311207
498889461
1126926039
2130534731
1183300829
1395065840
1307498451
630131934
1637238637
1300277640
1632726996
2117637910
1953481914
18392517
361483705
381497817
1032287498
864943075
1999249703
1017330470
1564452856
697561377
2135822001
624830902
1862476329
2135026153
1375727445
465628971
1262038056
285084622
945993303
785865616
783974084
2072919342
768916699
1967274913
1320501534
2076415150
449923199
810256524
1229209143
2082650195
780410786
1035207409
2101042713
1141894492
1416705226
985846563
2006837567
1268471282
2003177033
1423806776
1966032659
1991515386
2048637678
1681025340
1979057892
1276881476
2146654312
1093612300
1561966098
945163967
1879477916
198456534
870599661
500910967
18247800
43617548
429842470
468170999
853874072
1659051613
403337547
1634284858
546775374
356896612
628695702
1963480601
1342743175
488049622
1084468235
1198436561
1911856398
903017246
1042468299
1813010428
436558939
874042543
942408256
435729603
1967654844
356890707
1380893570
1699649112
555347241
104009583
53076432
573595041
147627131
482918902
1041766041
1001501203
2141970515
1445103588
488302414
541262241
1802000200
1116998116
357259194
997259727
1605047738
1441727429
48212640
1369420488
197261028
1090680940
1034947269
633819967
1964723483
1977355525
1069549570
1784894679
186762584
302959492
1337060144
742109826
406969075
1390136576
1315704867
554596207
1873055478
209987260
1556097410
1867542345
1655090848
2044399824
261320938
1309607400
1013914293
618580133
159383480
471478383
2060307562
207596120
1840898872
110084942
1298277060
728362493
743904909
1115516896
558234370
1813454479
752927927
744996955
2116413971
2089988071
1487106781
375899399
1332640999
655328000
930495606
1058212829
865315261
339109368
778271526
372922461
236025545
1039592465
1682529862
1249939838
1658172598
1841913342
1721418221
1570996512
2049509462
1414833445
1681081455
1200302875
2143195938
277502716
168336123
553946661
2090957196
921264050
1298943616
2059887519
863768474
638566749
288303270
48925825
1293894749
1218798876
1107138655
11726362
1557908245
1885410181
384648824
1793933790
777518998
2067178686
896389980
288207948
1761608380
470324553
1859204461
1663634194
1885157999
1392802268
716453421
1880870289
1670304984
884789544
287333302
1613778532
1806053595
1586276918
1526182404
522338421
77360019
1814485674
571264246
1371254769
885800903
1678402901
1382981131
296225500
1416329435
1767629955
2090159290
46364785
1687324993
839065622
334572734
1301449725
1309390175
46293547
817600272
1047064526
1439095815
1534053693
780451168
961917151
271359590
1067784470
428212036
2077413185
506577741
1954394440
452267958
583937760
1621396466
1023532204
1955192529
359713721
554451458
1190690013
655939221
1970780893
810836320
598614863
2017145678
350677666
1437680485
204234764
1652127391
599587013
250528311
322244015
1646651539
1689624126
1856297709
279619059
504057630
2127657299
1347403530
932269666
2057586836
1853981271
739180458
362371146
290435383
213093276
1385903350
98144265
572806998
1940354808
1288834278
1228746219
1763652053
2099670598
1827361083
1633314084
302864616
1117557920
1837548848
1954992008
1717144933
2088077160
129752375
1216312825
1630217638
1986050084
1495931884
2134275268
1966223735
695851766
919061286
1876326923
402349389
1658241744
91214421
692784773
1871335021
1477117772
790929038
296658371
1269988932
2079763316
1525404590
886157338
2031950266
1205282025
371987774
187331235
175356298
62052974
2142323243
1892501231
2646486
124591970
961330408
1632864125
2110642055
309778645
1619655745
1929382142
1005630411
391233384
1658225418
1407979801
2049475128
1749439839
2100764574
1773326501
1079073963
744209964
2069984872
201579248
676489632
1447905815
1087736586
560956250
505704192
1459724360
748287485
681060490
1521777334
743127080
426078074
1524423821
867719051
1387408482
1009804298
830877458
1697187127
481976395
612775952
555333891
873209779
123517722
1963313692
775201260
1872957562
1916594618
401044113
804547877
513320934
323545338
1006127125
1189810566
1771451153
2093863711
1750766816
129671697
1406104423
351570654
810732188
780398110
1094697734
1236810262
157338283
1962416785
476735096
1167142581
645810595
26438576
1649118976
1258586548
581772467
374845108
1382104270
397602511
1150046368
1107578184
166713481
1551090481
1912126062
680034415
1874635819
770769539
1869844981
1498603324
717149603
1473128149
1628275022
2123254026
1824698803
291523562
756168488
771912890
1528333824
913506771
586846027
2005068920
2080649352
1232656623
2031507496
1582284681
343759523
465796315
1957129789
1725863793
863398826
959692509
685958330
1030112307
363299342
450600744
1710146722
90451514
1221370283
1432508055
1589054838
1938519886
758152557
1069846212
1914290265
435367712
1361369774
522975105
1207280602
742219950
1436481877
1794126630
599805223
1369647581
879299605
483829071
804448614
1223059128
949625387
614094755
801439273
1813024213
1573787264
1487397603
695652873
1937086607
1937998347
258315947
2027538121
1011884983
1690824003
1469109311
802921221
301492912
391471876
569727838
736860624
1752841650
1092702944
1944141227
347577953
381701173
1590784209
947383176
1751348754
322600166
1431212247
408313721
1545659294
233353986
1022408476
199614919
2046378200
448712093
1687012523
594547425
238315052
1477527222
852863372
118369525
341928557
396203727
1587478836
1144849779
697696639
1978950712
1714577617
1434557264
1584308715
659796913
1231214843
1931886668
1041498086
674515404
731786196
645363193
997115570
15514795
1053676914
395291216
248868782
2076085390
594906135
147763334
377313835
134435010
742310759
615628887
1611962233
1595174131
733998412
1953890790
1991377859
173993601
951256921
541590850
5460665
518350891
1976148114
1589769380
1178147804
1059879309
1374172400
72162243
1734394713
2105958596
717525436
584026635
2121473392
1771202350
979317851
222858526
1699804092
1574223987
370621860
2077117928
1708658997
1112932619
545263167
1173137582
560623102
1279261580
979544725
404517313
1453255181
1930801646
946108164
1458715846
301668889
774772630
901001579
1479816694
1834651940
127690331
1551978937
1421563005
86165280
122020725
2005589641
60155024
1893223075
837423844
283013550
1445543519
264164183
653635410
1375177799
1972823181
1766568029
1920440967
998477115
179707483
1052218899
1978021840
584224797
357990432
1761339839
1530332961
1816706278
2063008728
157621943
570224209
1395341774
1992273883
697914541
799837063
1266353241
784079821
921857788
1124459234
844234845
667597215
1961883078
1127248395
2113140735
78563614
1780883805
1340834886
2051386795
1399968186
1113792205
902380262
1579675669
18527456
732918455
16416818
376517888
346774646
1546749779
45740519
262299726
1704371723
615964728
1657641501
1549161958
1313879269
309994916
668031551
2097959090
1231852705
1792490785
794710287
1899449920
1606890216
1921958682
1865107007
1685453830
1555358839
1058458246
1589356977
807843377
24766803
344253591
240035399
43294260
1077172046
256452217
419812148
1423946692
1803201997
465552667
1686246419
1360090072
1081517396
1196404272
761768382
247913017
1506399188
1429799934
198388460
590768245
1074807071
993098747
342734518
534213639
767573782
60357877
72183821
175448973
1118816123
1661540798
983292351
1143582927
2005794390
1223327750
1186877187
935482788
1479779967
1606689335
211945833
1135498316
2072242003
1898192252
348104740
1006275751
947112876
1109873123
1254188768
306028416
392189409
1452577228
896796662
1466996480
298192328
1239531180
2001210120
1065766110
1299889057
2073393941
1241215083
271221533
1587451092
77023786
1414804460
1445761834
1300351536
454197999
233760974
632647856
2060887334
445706807
1768146172
1985645689
196415411
2116250913
844437792
1143528287
1078640388
2098626561
1449556704
1470829797
1403720141
198869718
790342629
1701912469
1438400898
644069101
620194931
590806307
569979395
1861410015
862027840
9946839
1938433801
129348652
1455708673
1091301690
583546651
1689469647
1723949546
496950338
2135176455
1344612070
335112379
184108218
1313379335
1179550172
1327636506
244536075
1130693085
629709562
1715365872
386929578
828579280
358224854
2088842048
119496530
1002293955
561553331
710302837
1572273350
275479698
1572330678
1582220189
66429852
1701679330
890445214
1157731542
137742334
432431214
734197440
634692672
420124021
2078809510
969805051
604232239
1244705198
1871575
1931868745
1489241273
1132564660
414094659
1057123498
1519494239
1242673939
1415348352
1460852639
1362170469
270158659
2022405970
2072473307
1842432010
150402021
1497320337
1277168551
216831873
1051516019
20130118
1374563415
1189258353
452561332
2108760855
1823951025
872685353
2040086717
646272429
1476917592
1137308267
648144004
1261302690
479065893
1780708665
1675397349
1536189391
1152719256
770587641
804054095
466088247
2132758110
1074212754
341010569
2057747769
769161116
491412590
1407584458
2046329668
708244463
311616830
2066459786
2082807878
1500875183
371537470
2044085085
1177342561
1244222823
1936688155
1823614990
573656767
926512774
324275346
1834959457
1405578667
2104984011
1362873159
794284410
1110219619
2133460800
1598338505
1576307866
2118735262
525067612
1917318436
2028999384
1294228728
261247378
1289100194
1193074748
969491842
1600717024
1112050886
904816072
954108560
1483588356
801417510
2131451121
580327531
590622017
1807582463
1153984299
1517134791
2131857809
841460108
775229811
2089358173
56849619
1569514221
1052094144
42826771
1020369079
480918363
14078386
1545436691
250753151
2043077770
692181771
512000529
1184694316
1885256520
1481492371
637927693
849823758
238824796
1592036253
185928467
1040242306
1576003726
766255998
1630864323
1236102541
1920240297
1000515466
1220476702
614216758
1775745277
1162351227
671066377
1197775851
66961724
713893149
70661282
547880087
727971535
1616097973
798633238
623565657
160796096
1310633767
1808259973
2046052616
644642491
298704018
748392727
883467287
1890740271
934321194
1923709593
1319260349
1700577192
1407090268
407879242
1473333842
260122086
1628355945
2087550600
2035867364
643223524
611133329
1086159567
710185248
1325026478
1156820849
1258065335
2052998013
625435174
2056698573
529080022
786231270
1219848693
189856348
684800239
1864491184
488560366
1433192966
600474823
231816990
220030512
376700768
1551077339
1920607704
1783791036
1958956582
1246457898
2043913122
1439828879
1186524850
1932296838
2083052403
1797658180
870972757
645754004
975201010
2027793606
1903819339
880715376
505745132
1813034265
1409795398
1291976403
885399310
1599651746
1976776642
602406846
2088212113
1262485960
1202881669
172545455
1482516472
1579582437
1723622794
1255640528
1215889825
1535095728
354614779
1112319299
827440959
1541139629
897132490
763009715
1191314161
1768105247
1408763719
19031524
1648415206
1165099410
899746900
6676690
830650027
162058650
1298653093
1716049337
1761710397
1127946087
170972535
1702438862
242948399
1373854204
1874984317
1725464871
805952993
1451123463
833621752
2021842818
838735544
1188236531
986678470
1666176503
581892512
1883810960
281702570
1773206674
1504432559
1690466289
1792238198
1005364117
708082052
544501450
1012040808
1538732079
706560100
163210253
1107297769
320786849
1291156341
1278270304
2023225711
1534104740
504640861
1750726380
1112085964
1310593854
1054366196
1945707716
1184953025
1893101740
986460599
24147847
1411794595
1568353111
1907958807
1693497166
1194076137
1264907718
1236479807
838830687
122788188
1944561859
1383332137
1134828996
1335810291
2089892238
1298039249
295624412
263195439
441711942
1573894716
138937503
1975816683
2078535577
1889663883
940418999
1241645784
796546431
738643067
279115161
542164523
1725103666
303263008
1953959119
1145973129
63738167
1499972637
192565619
1328645885
588968796
1031396306
1451434073
386047008
267244796
438779421
1721857299
209653386
1736818671
2017481711
472848825
31046965
1443892779
611786328
2006863648
1374944709
353966564
799798999
469106845
1150512995
1538442066
748222006
1692677519
1116062084
1051485014
1499152990
114551566
1115223181
851641979
307117185
296385418
1440610775
1338513491
1747819492
1826657783
1605758287
39115265
1401031434
1815411673
1775933936
1271029497
140776851
1806980902
567438629
752563179
1666360902
1942383338
1106529743
318676254
264006535
109559091
1857118320
1012228541
1802236610
825696757
2063713555
1153905952
940248323
1031453088
2005547931
1247365508
1327838506
1298675058
438395351
928174350
977849194
2044153639
967289616
231396980
1712081664
595739904
1502426478
1852858515
255237158
2069865107
457938047
1921598061
1864764797
1564467790
92790667
2128771332
1674026881
1949908987
993516225
1328779843
628122096
909746132
335202147
1568370419
1941199220
193266430
668252279
1121554078
1491941489
1106647631
2049728429
322307035
1003317622
869534397
553704015
567915638
1465274301
2056130493
273290506
1720511460
1978511952
731228553
1494625873
1695793101
148212695
1587416540
1677080785
1822239577
1389841879
523113362
1003535772
2017963976
1432859494
1338737920
1438850747
1226575066
1532004350
2107103027
200645497
876462191
1066267010
102890278
1198769226
2069584632
972424675
1752473242
490016622
290215328
1661120087
763307128
2010726788
1492148392
1494535681
1357869013
1040457845
1642748377
797801905
570054983
1317504306
40160137
1093168345
173556430
2058124113
378544192
1512294350
1349491212
1605119258
896815053
1309110591
1805764755
1773277244
227893953
1908655033
824562823
149994937
733596060
429552417
640011560
1023811389
2090672504
1403318688
887054529
1435337248
750370722
97439895
328311446
245635451
895241800
898366429
1563139757
935401937
1991534774
1736696187
846042402
222595318
1101506890
48049967
1827714577
1998321943
1357160558
1485995684
1624115539
1585054512
1247167070
301194714
1735049449
1980763130
730747131
227577361
857090871
673935988
1630896050
1744145401
2109273236
233783124
1841585296
290101034
479418575
589343448
1188467463
2042558332
1524745386
1032518590
1631770871
223304140
1255113908
585794113
271354107
935344837
436632408
1628514666
273856874
2060747948
1066085530
1521023944
214459014
653651331
1354303426
945206146
881228693
63910650
1619142134
364641095
1808056051
1580931722
598424219
1502157699
1871032757
1077842794
2091501147
912016572
972917478
1468762885
1944535162
457204701
1692067026
1052165423
1042998815
1963421133
1987510260
1479631223
1444452151
113883486
1392895523
363054033
1634907430
1607354538
1016705365
841727209
405077036
1897934058
905637859
2024219170
115091505
566210262
1457667244
713515724
2068367961
1181216353
1791358518
2012385460
2093232926
616792348
1333664698
1890284440
1073997049
878248076
794966215
2116995864
694185561
634992828
1449143440
2138637713
748876314
694555315
354208098
236300097
154426205
1370913463
1078027306
559503241
1121363873
1983665165
436238763
1236455378
402391779
1893906008
1949971102
323276092
927638713
1593845972
188177904
873387991
63154672
1521842602
616188784
1137151722
252607030
1411154999
1106663938
946792592
2046147827
408323730
937946657
647540494
1102879046
1292154755
883840591
1257305251
515584571
1961867897
1816808493
1636948444
1798049414
105563608
725920175
52957545
1999469616
528407629
376233637
779624682
2122253602
564411541
1653012673
37924626
2086254144
121717809
1175076348
191377526
1532872809
134256639
1138170118
1431536988
542580369
2076116775
2079077482
1645459415
1220787883
815434425
755281019
1736372454
629818674
424605864
1225837250
280384440
530169472
1951757425
333341985
382155441
332681407
709575622
1161780123
307451361
1273987164
667309148
345375987
1212757660
789026958
1520452336
1404135186
174416119
1654708975
394821657
1605953107
49805696
323454784
1537546942
1695265112
1544242667
205497719
303062483
1133131473
835316394
727668347
211485076
1115700834
1257837819
15758853
1449042820
1639993260
348440260
11134794
654289735
655891621
1285121958
1321598884
1001267609
350395970
2110625842
374236297
1754531157
137558313
2028945272
1869166
1743511420
2078750968
325323950
1133574714
1626532432
1869566618
1339072434
1929594915
855214443
26905180
509779614
1066699519
1142606014
1767617434
1082458373
444165186
1260127046
1430898633
455299981
1914416782
2086790255
1740421939
1088532018
940574216
2090817910
1051674212
1314810513
1697865419
1189232525
1196272137
1699734585
785260297
1127539457
2025058535
1918835012
606588242
1747141505
1110423798
388699509
454872301
1137328978
898479124
1521571820
132451344
518612910
456546545
576616531
1778739956
1887445179
1031916512
1545673090
1826751786
624854803
486721460
619842354
568189065
1538395672
1934652867
118570836
580144549
983441356
1818305421
1365404847
2110980813
1695880309
1136756211
570085407
1295538166
99696361
958784917
1750410467
1237025339
1857264041
1124498640
1369476683
228393303
1581045185
1946093214
2007133259
1321006716
830526078
1405322702
1000274854
1455380882
1892044162
1620117208
2023569947
1282956187
1407286427
2142140784
1863100736
243244135
1812962557
1081021935
206741301
1361359218
70294498
776826708
509413737
169990859
1735611625
112340556
1407016198
1445392018
1236839196
629009234
1673785321
670400734
427618800
1533434933
1991407450
1258144879
791273987
844198657
566042113
535834501
316832217
442128412
1818790688
1724118645
436785548
1534407777
1967362780
102264458
467946064
26620433
1463623676
538240563
803447142
1973037413
708231422
391575119
2085377970
2115247621
1836967138
1174733518
596773207
1363268811
1845134252
1024392007
749220096
1689058055
135053238
1540494083
385773064
701095351
2076328585
702605281
1143223764
1747635625
279240278
1580009312
1134559754
99119411
1682273770
1602505819
125739844
998413799
2140746382
929186986
823967564
701494156
1320762106
761861886
669258129
1010245596
1936595405
1266031336
226030759
1634246009
142939696
975250856
1175820416
277992934
368261291
1561593480
979088286
297106228
116715114
2122312050
2044741854
395955392
1554837714
1031817960
495074803
1089627837
486840131
620814648
2088041636
480102865
1550001634
764525552
1181597022
723280092
1526387439
1850855151
1733525688
1315499196
969402840
1959556448
802261557
1112342536
787323656
1978081974
1390335470
1155584947
1392191806
221940108
1452691176
1508906920
196768510
1349949382
1904862313
1751606225
234283694
252453468
693750414
721123826
873268116
634308402
1201226691
275786103
1398833954
235340065
999066195
777737745
2086195217
585108236
2093236941
908114409
397181036
748014851
2020456945
1184504692
578613177
1263308767
192605991
1970804983
1485248876
1645297167
1332228256
1682017386
847762901
1089606921
1286139963
1082046596
1342060389
1979890377
1803170422
67844858
466715131
856913465
343630961
1865549086
1092253531
1342697156
495803183
1030965100
1927805392
441556477
1939079509
177502780
1189571328
1812052806
1362007472
1768184505
927877925
1554613464
1591505840
265643153
1052426983
776250448
1947660540
1900189885
1865857369
1086316855
834752833
1060434111
918723585
490439607
1128278969
1385438716
1347353072
1471909930
1103504154
292122955
667123438
1599307338
1323088055
447445183
2040863815
1114683916
624947963
1082951495
779253074
1986955436
703652352
1707131000
1394085252
147674544
1972774153
299028587
923924993
1772951045
51734824
642298714
711784253
886487657
1702732825
1630507838
1376927264
683528146
868462906
576796689
7954428
1971967061
868919644
675077867
1423790751
44524052
1122523050
1317170918
1159207968
1747471013
252638765
1938461043
1586942801
956291117
1498108395
833544405
1103965661
1323398900
1132572993
2027890654
948866298
1184307817
522705721
1660650551
2070795475
77954898
1143674741
1300239091
761483045
2012137647
1877035780
769437473
1836621060
598471777
1444515340
1112928163
642995829
419554742
282615433
1802203797
19542108
535254198
1593181192
1606484909
1491545315
943805939
292545667
448027329
119721192
1425118660
328434335
1068587490
461942829
851140056
581754393
385254656
929094955
1725429134
1685493748
1690578000
1590083133
1415045880
312531825
1279220546
2013517657
1757047166
244665061
509029838
29118260
527280495
163749988
48660368
1062534693
1756931180
1655145278
406596361
553253472
1947690945
854623690
672974664
1225325957
1183058025
1741562154
1687268786
2034198082
175832899
2072523443
815809389
1901262033
1610533543
358903741
1343861518
878095775
671435566
475598416
744129785
280999084
720263478
1253159623
310117345
1247543973
1416909611
358777713
162595018
1026357144
2013922991
569191379
1579610616
1814130288
1423815069
105101632
891972597
459389447
1846663786
431757736
346103881
2022496685
356797531
1161913270
1776275070
1967331074
1520817011
972652940
697943201
44768929
1448251357
1442072986
325768014
21031187
547748962
635885359
1268575160
1964658573
994663072
1431170178
843532069
861102416
2000361558
275659037
527749056
1276692979
380760669
1419721654
1736082426
79940807
1851479390
2082186307
2102437492
60793273
1096615929
1731228914
2028124347
469949292
556398207
578583900
514718222
2004649564
2020656887
840486236
2025680751
420922201
1476371595
1146772263
238097126
323551019
430458793
1081629196
1184653435
283336703
1357288233
1712402492
1560029683
1738048903
984640498
1148628461
1817989710
688636240
1083331121
1772943555
749429513
32463402
1356688821
630070212
502412695
1913087028
1208654112
1017130917
1770252944
1081827351
1857617153
1648450047
1502749552
1186505100
647738662
1740846679
1510056119
1078197456
674992227
547225907
1361534159
2032280460
112144751
774080194
1622845715
1096785249
1922708656
1293351778
1785421489
858556129
918811685
387367354
891019531
128016858
1017437566
1393432226
2041103887
78608030
263079495
1663873183
1160435382
2120696648
1164839583
515701286
1159718100
1812578245
109064317
522290572
743292053
784056544
1069516479
2104826213
668853357
1181661230
731422759
144215424
130962831
506647767
1437567202
1916384320
1365203896
208895239
156268026
108739780
336912098
1173705592
1502172006
230532337
1252313622
1765251502
1894405520
265265356
1738464502
911761455
780966643
750698955
576856053
890030960
1272989527
1320148106
1674087505
195022358
1277490671
195457214
1376683588
2008913431
339672638
1507646419
368077550
1777239841
1276547091
1733281447
1986135080
1432815117
1842021227
175563530
459037061
1196709585
406095867
1711350683
814477439
153017740
1976616040
405458294
1064779195
610099035
1156157249
1641635248
1500129995
281663128
814299707
1026733852
476685486
2091790378
1222191066
1853369074
1953220161
1561863705
1213531845
173814064
1191619898
342595288
1907095511
1030271330
1775410405
1601633090
1205834861
86963818
650859027
1611930728
1798314501
1465336467
1764948468
1627446893
1870794761
682244016
90062280
879468362
176395616
1590192276
1161131490
990695323
469442480
1637816976
935002054
1691633547
1343702402
740738567
1106013604
409750599
914552631
150149854
752345887
674164494
1180421184
380272644
128313936
238772397
467236462
779172964
1850703126
118067315
97025783
1468167946
1745514209
1967820544
2928314
1835576489
699805258
179323931
1278285117
1860936748
1170019254
1747727598
1351270076
2105021308
1291877497
547488830
698276228
250407453
957239429
1612828859
400557307
1709585316
139509706
1580978491
2089857960
267823642
1819750889
409610774
1046996606
1522970367
527678089
1144022389
843654665
125708650
964359285
846582980
1961285140
1664164543
1025906911
1092086609
1377617643
48442517
692330559
581404071
5980178
1984208056
1128892901
704256406
87131861
2086132330
169601617
487689168
1648233998
309111323
2068667660
1590608310
576934966
1740934901
2000219084
1623931572
1116421620
380413526
620470314
1960076285
506122176
1584829599
659175617
319923668
1101510495
1685082528
1412010278
331644490
1733525046
2104340837
913048562
1739505224
1941065246
2041941463
296277982
2028197107
1980590146
465879599
368402628
1481340496
774990923
289586640
924465159
1351925889
2030521541
777200595
828373813
999459513
1157614121
1448844127
812052150
1663736298
886190079
1471227768
1983659966
1987700574
1008826648
1248186596
171861416
594868046
1205043786
1084909978
186889622
998625384
979367794
483167604
879338843
812474292
949047204
1247741471
146331140
1724038127
1537328111
1070796299
928480368
1420366004
1847996895
1756854181
272341869
858127368
1058214661
1084394020
374380018
1944404740
408138140
210556337
1784621666
1416964788
1458742933
1956483082
2011832835
516303071
893909413
51238809
1514928455
1873277207
534406414
246783651
538267851
1483453618
1494525122
684598991
1060008097
884369586
1755395291
1988488465
157251942
1455908538
1597858998
429593812
166552258
508590011
1513987832
540932277
305511103
1922125972
751488614
2090132769
1191607112
62747899
1899132204
1055956299
579050971
645557969
1107195109
2093979426
371351528
1641601523
193279429
909619379
977571493
1687804552
1594218370
2037579590
424690490
1202130013
1878584407
581942432
510554903
1328959757
1011536244
677107162
1837549769
378040428
1218039439
2143060872
152682752
1969528053
2085709994
1344289865
2032275952
1837358550
252762516
463843275
335432871
1359957625
410339054
706784399
854075500
603618483
1616403778
1831646993
143939387
1063138500
1721742935
568629877
117784866
1452843694
1150572310
628339769
634319804
14624906
1305446931
324385925
392665335
376002722
319963149
545348087
198047127
258189495
1889637952
82839432
2095548045
2142400469
546682707
283497268
1354874446
957021761
990281667
61466299
1560640245
459201797
1893113292
1704579632
1522340298
1467372580
125725862
1640125164
772732626
1276298172
120981285
1407052430
1290923078
1426428217
1731438355
1683588413
1802430939
2051401505
81452853
2000478067
162107352
1971090805
2083317499
110171750
1966007626
482516558
393669018
1173398425
1439538320
1383950686
1234864724
852694917
1843152483
980494368
409790901
1218009133
300383300
535516763
710650649
1073115927
1811814935
831631935
332684709
955254366
110576504
2064123065
491359131
1913007443
1968040922
572811984
1766001862
2130148274
396419142
1701835713
92836376
214943120
36868624
486505395
1388341545
1476406944
1870456081
475722621
181618213
1566124916
1456216990
591409114
636650402
1756600290
1126925878
1347301051
682232569
791257165
31449338
1014917279
1746511531
142025842
931556696
90387015
2055033286
752113970
663198999
1673551500
734778596
1059618141
1227903566
827614973
1274561262
1264772190
1314120368
515419159
593695486
1037092801
991141781
775313699
455734069
299875123
1366722813
1092384471
2056475413
346165043
292201875
591224335
1137422209
323651213
1606141614
736450092
465677056
390214662
826837107
373226694
1142328632
1490036107
2046778194
1877107228
402170600
1127198112
557238553
1676731862
244486654
1871358921
44667374
838182140
760968074
1035809155
1613495839
1216702144
1335684278
832735005
161602967
1244676043
1178900048
453804842
1835900378
168838609
777456056
1294558344
905288702
1243133112
1684773006
1732125809
1616359806
679617990
1074678268
1515654352
409241571
1476848869
495368817
966480124
1006097083
739855471
690355398
1050764457
1578037612
1451323472
2086573612
1044049803
520541968
1274774242
1876784808
682144936
371966638
908201209
1135949778
60383368
1077039818
1913405834
1354941713
1982328520
1009055298
892231071
1566970682
477931456
1571849062
494165302
1993585809
1981090633
1971014171
341470978
800087109
829627607
1081326449
1490442507
1880392064
511880413
794282332
1819482029
1555930217
1314824300
946772623
1285231377
1996969236
1318739261
45948938
985435367
1379122630
1122988757
751357553
586580695
957833629
1760412852
1478811766
377320663
90860660
903177180
871485966
2084446469
736784165
695016489
278433799
1536871275
1524644096
1359760249
879830134
1257552513
1871640662
1674112466
929550894
1280087231
841453119
1876323517
417834961
690938707
1047579131
463783899
1676374074
279218113
1586772656
280247980
865798808
397122638
2040660832
197126926
774443301
2131521492
1100304107
1645929267
2068484314
1837088272
193462109
199434465
1226475899
1718106205
1559194714
2106306034
828175070
1283351729
1632934852
1757725964
415955312
326904323
1486565834
833790273
1017843031
386661317
1297574173
546733457
665879430
736863181
826981437
1531678238
1133985819
720158621
1728805164
1908429121
704196466
681625623
1406874740
625197132
371230248
1600336849
824631597
1597706147
1170959407
236342664
1556528533
1999134477
1519694393
1041979738
1609376794
1935649705
1368884061
948458980
621956331
239243444
1335120297
1919530504
785976902
2000999727
508910037
1612958339
1385194317
1642895857
185633313
966515833
1403841330
889829779
1648141457
663232422
1515026911
2019371705
116085624
192174860
1469594204
1287045031
428517524
878639090
1138695860
1948211917
1920618828
600589006
1736377975
1142019241
1549047986
210850658
1381262686
736684635
2130381162
19755940
590200714
491807551
1632714279
1975395031
2134703408
1818347592
794427217
1391061090
560693723
295085026
2054293513
2075720634
166973083
22895489
120411847
1636567287
1309940520
548929371
367722729
301152732
349657641
140857909
901741739
2086035616
1282877151
303306077
149402626
516656189
1039990713
132300140
536412129
1630191427
624107691
21642760
1458102811
611327452
1839990353
105046380
2002388542
253200428
400131406
1909198407
181437415
567104489
1932093896
301849262
56188128
1094550768
850778633
423910858
1395703501
1200436274
564768767
149961592
1138988242
1847645918
453267669
1288390868
216818459
1493258382
1420691008
753230588
975966162
2044798700
774873349
286585325
508642504
467380054
391631705
363547398
720580482
791763111
125262158
902017897
1358867600
2057356054
1203867159
1415055728
1004423175
2054645793
1838966586
252643028
1107598419
256251706
402604620
99103014
2103897624
855872289
1387493882
173232436
201647024
660701243
926463024
1177613186
558016295
1701336373
1464198511
1066658799
21232779
1855830216
1430206197
741813262
500109679
1555468355
1643831159
1858977279
1465340762
700214671
1126549359
322280289
607376816
818032298
574923317
1714975235
1074284004
977527937
1814078249
1030697980
1833400226
1054088484
1203930416
2035047250
1714789727
2130393441
1065176788
125322374
1684246166
381891651
1191981173
1705478946
90238219
474703722
299808560
590347898
2030172078
1943639719
301841529
1348029192
496370742
1428390889
1670309481
1103747558
98939539
97749150
671239146
1173223543
1075277087
337833747
56437875
761193665
1391922231
1260368292
648757268
959228310
1243278085
1713934056
1084550684
780040603
2095825708
129048209
338035901
38580279
603751932
637844461
628928178
486440362
434000533
930769707
1834469554
930371275
211676948
1357295387
2034118834
310616487
1455044537
557874332
1483840030
382837976
895708079
1540277906
1144031641
140146663
653162550
1792788909
1099374973
1896440635
1359239318
36442010
528997590
1307581378
165490219
867033492
1346161657
769242151
1504877953
1975089835
1255682513
1938878486
758375895
942668419
721766114
970052843
152480158
608401300
1280669331
1607524695
1166275632
617025713
1990362671
2061983711
9819971
986910665
54646726
662982521
632215926
1154021700
411939508
1991455244
1190463710
940937099
1151552974
1355953929
1807970591
350230984
2125196081
1165364896
177837171
1233394946
956759735
936213066
28579718
1678525849
1906265910
181059876
139443501
1039451593
1788584572
1305719133
1656477306
1631463595
1220219196
1666297278
470890612
1274865923
181796151
1103106539
281403975
593735660
947078135
1471867685
1534672759
2098631110
680337966
1195159702
301378446
658050399
213040950
479215617
1891445346
1169800685
1415428684
1920025064
700842886
1174210946
2101084940
840286387
66178891
1742185864
2146005520
1722656197
1226165812
1218741069
1241469827
1697056424
346123344
1423265979
652679315
627527319
2017001639
1599757451
2099395004
1404190750
1550904913
632249322
451866804
1852283359
1290299722
664907754
184015328
1034261420
1834708440
1599444012
806802836
388067678
626171310
760404128
1228354066
692350201
355106345
1226875938
267522751
1581272157
298133359
1508992578
1130844933
644256703
784774909
1783524249
1271784022
654292900
1235798052
1223695378
2058483650
639219317
1855944701
362866806
344019028
998760775
1027774561
528034356
2033022195
714999353
2127478369
692341383
1103067031
606166031
1452745511
183937449
1298516233
1807851856
1410813388
1566038984
1241640365
1708946747
927547914
225001651
205719803
1712322824
2008525900
1477503825
219132076
1096840304
553715556
130132079
1736059621
262176609
492998885
2080078649
1260937384
1520773446
460629357
1146475931
88289151
440624078
1838817314
1191356183
1046790110
1144079177
1375293632
197822695
804447386
638623372
1763861679
2046087751
200086472
543925945
123605754
405806275
108765121
2132131654
1883310100
327897198
1081488310
289542008
458029277
670064283
551718617
951028162
602659284
1812656001
324317961
1063288642
811648284
412607112
1503912720
502981950
1603963295
403219182
1647061128
831773280
601041877
304024866
1470396652
217419908
202628969
1670483124
761345854
326234724
2076289399
870110975
310882730
1812115852
1198008173
1392371041
2101657860
1656037450
2062435324
505892830
459581965
517610961
171065183
783899926
1580899603
982713468
1196507038
937328675
1485695418
652986686
1340547858
985272898
1484759966
1941589735
1289297764
807672970
11525996
1491926734
330672447
772871850
1818161458
259478198
1642982825
2129044188
2071594050
693507351
1373931581
2025768263
202061153
1288883258
384177445
661643118
1806494219
555242628
1445543044
1239910174
1537956096
494566435
29755201
876167867
1147553121
1370303059
1861440765
484829439
1164409147
1003254882
1292502409
1175935143
347697968
1623174856
1948806993
18375778
1882653055
1444306170
2147419966
1806763457
2137813521
1373867900
1685048072
192391027
515267510
2069225517
854034145
174278081
476984498
152093542
1414188255
2014940594
646659977
1443943456
743624813
1794213098
666762868
457581931
131558889
1831172015
1460836813
1424061298
859623510
1808534781
899752507
660946855
1826910559
634921914
2105253025
1826846877
294201723
2095582899
1053231129
1979249796
140490278
1568498639
1900991665
994524423
1742776720
230492515
1146617965
1009481327
97949462
1793277942
305941136
841574275
1440007392
972704004
1299156206
1571566281
656392371
612509371
848143932
1516015881
273560504
1747896439
29479088
2100471063
235334705
2134732113
1779834293
529536428
2082831364
685581774
361302576
75837994
106596766
114810594
1070362418
1849373486
345303109
69496735
711371166
443252571
1862774678
1017312302
1284826847
1155298422
1990016306
436499405
579381056
498925029
1049008777
1427524988
2014940910
1322569281
1027937779
2044419998
1275556697
1263272484
2031668463
907907342
1792808912
1967016180
1593489116
6627841
2042854174
1700085882
121438435
965732944
1401975721
466741544
1035229680
2113346887
909994116
750520710
983175541
47337315
1905819132
825708199
483836720
337716540
1324633228
1532845497
1765241528
1192090490
707931131
645695659
1089026840
1983487828
1908968143
973211655
743911522
1554293408
792744187
189916990
1560921249
688114714
1890002873
1682359684
1653847658
1144494946
1617580
541593690
1110358185
911611696
1292114400
2093533726
958949011
1050449885
771758277
1442785732
1388166425
2096391505
828147581
1005924306
1140998347
1536078712
1651619965
82541539
1372082892
1413104461
1055753194
2115994414
819914221
1848497382
158427757
233351822
389128448
2048430630
1915711506
2042976106
1045441928
1917329086
437086149
8316465
681457135
1729200549
2101850191
1640406146
632166786
726124820
935708230
2020333212
675032677
1763855812
878773870
1816031024
1152450876
382910187
1898572563
377050121
1796014648
806842109
345560887
468445221
507855843
503988644
701797043
896984291
404935626
470024901
792476750
1450377554
239870340
1229562899
1458694019
921327475
811279800
1413060562
414249973
1443446587
2139185382
1349958204
1316296151
666734411
966330368
47586373
335281787
2118781244
430496560
86370702
348347717
79027561
893212812
693908605
547472782
1401068655
1197897249
1249269826
150569299
1602832876
1719294727
943046049
905726782
1959165067
25125300
216937154
733008894
836405100
1629997716
1147258868
132368039
1621699451
349733424
1448664190
140950214
1316063792
1496250563
476232002
1287361388
1926747124
562602704
1635709106
2005774685
1455815516
182134063
405763819
709400524
1380031312
1655033645
859969823
835380540
1226844725
1803015872
1741107323
1038526144
1828141172
1958044477
1771535039
517062624
1440558545
771310259
649430664
914774348
1121043683
2098094854
1055724563
289623827
1446861770
1531956565
1576985215
1226125246
2094559269
1065210673
1084416283
1402891138
1247344736
1490180102
2112291662
479892401
997730100
824777837
1315272941
77091177
480310061
908896616
1115617321
160967585
719457445
739668712
678030209
12532343
1510978971
1327460873
927306691
484539006
1278072080
1983031254
774162833
577450202
1367504171
203664401
1803575448
1314579793
1268875074
740508083
569987283
368736163
83204537
534795297
848628564
1080934637
1359573134
16417857
1158025814
1839883195
925314474
126159488
2000850780
1644771919
865828200
531397341
1657304262
229323524
1858858215
437127306
713862530
989446647
272674912
1488025364
1566896849
1640179084
1691689765
1222988649
807275229
813081191
1963496732
1377262512
1181817354
2046701269
1912057809
2030445918
980152259
1124147295
2046863776
2138178073
816546842
824694602
116853913
669913974
321982873
982682114
1201311315
1979287136
1212005638
912685882
268930794
1925868168
1902132529
541605706
1266409884
1321545730
34301142
810616001
397050731
841576371
1623697193
213063815
71355235
658030899
112281437
1983413044
540993170
1092433696
960076691
440373298
1083128121
1776623533
1265067900
1199982035
299053859
1587050773
35180501
1500365175
1418854261
1247186139
265567409
1687785055
1025570659
20216291
81907114
144496896
1341762021
116208256
955112897
1738812753
957784628
431326442
1951876568
1029139863
1089357342
2064158005
865069260
1630350512
1009108053
1825145951
2070723810
2092236175
1454285837
1188308062
1144734562
1753339696
627875187
1179915063
1106221223
2046729449
279617554
1371788633
1587030856
1305188213
1392004924
1668937970
1449685109
586283297
1785146227
257314359
177612402
595447207
688640801
2129488971
1624587070
1777998143
2046163328
342172682
1260865007
907787734
19834986
1184105169
852540261
1474120823
224929583
1997274823
1079976871
852804771
1029706238
38714447
752050572
1309323792
1410503080
191597780
467028357
655024356
1860535751
1916713467
1241307653
1498198330
26544178
1418920056
2093645537
715184979
1400925379
1570748959
345699475
1299605059
1912921642
1606564482
59909145
1932756628
643186004
912449406
1259393803
868115587
762240581
191887026
1720920358
1791946819
230601473
325487282
953786963
1641104553
517085063
1420815321
148645261
230137166
1190045140
1389952915
1728335496
1216589318
661389323
1674497385
1931774297
2062314702
1097762696
129990124
1214436113
863200690
1736554607
1274345259
648473670
232256963
39311017
1907867473
1100372550
801551599
2099754500
673809261
446014770
182872325
999296543
1399801734
1823976879
1516381606
673133407
1972622140
1746518772
1863178547
1215091407
1327370620
932284217
1876480730
854384357
716574866
1791311784
1952147054
846564991
858264250
667864096
435635950
2132609509
1316337767
667892913
24436878
1076721592
1768265463
825988477
1028992444
294591076
1272003248
1211864770
1293887620
524321334
888358001
662785578
1197454741
713496493
261820703
913149640
1928587901
1589191323
1845433857
1657584983
296092033
414525075
1301413120
100755439
1261090066
12193722
768619535
1696726016
2144803231
2084957302
217135281
21756461
1014195247
1985400745
847744939
2043187691
132508173
2119748187
1107568813
1426395793
496585873
1995926814
2089181372
1694040614
561939660
203518427
459706606
343043913
1792709750
157656815
2000628896
2088801783
572181890
1154558368
42073574
1833271957
1166752090
810693110
1382514325
1164071673
748166764
1599649607
1185828135
1762362011
1437566704
2033573074
1658066055
1570074877
2005837613
618151220
848987023
354939838
466594387
790684747
2048980452
1028534047
994203174
361203410
1371577960
639429276
518860225
1224723208
580747412
1091042115
231797929
622820986
776830424
1398550019
1433514096
11861102
415138045
34197213
1611510709
1600966180
1796559224
901593765
1487055606
1307141631
324184994
1345409571
1925292852
1173172017
1700349409
244403591
1963856764
1601846213
1272937638
810576290
1963049623
497031950
1450005567
334426200
1721755158
2030752979
1425468315
1953553087
506090317
54815092
1204619459
1939604414
66676194
1619757504
1973801627
1678186903
1073240036
1622877203
432297020
412811994
782535187
756482014
1758221565
560344391
1929654032
1311087326
804747982
1746027148
765449891
2077685620
409119791
581015866
427233922
1859125358
915442066
1505432
1742394689
193426733
1955058520
101001358
248241825
1012194331
2040605772
314918019
484468187
1866923751
1993104922
1557708223
1342317307
277918294
1970520217
2124852494
1034400309
1581258134
537713237
816570693
744861812
1342461219
415114193
1510311703
1272663191
824233984
2091327569
1699897113
535875694
859285987
1701402545
130786735
1052712720
1508977417
231788094
1300954546
373688100
124910218
1615872565
858156287
1991833970
1461493840
268380862
1186667629
1739412134
91417431
1164036475
626328795
1672675565
1701749712
1442899488
270053729
896727283
1858013682
1780365432
21906826
534764018
1724209353
1721803939
1070639713
436011692
1275722836
1201426448
1488724413
637216606
1433214542
642195311
1010904706
1558124761
110584228
1869060994
1402475083
1572078068
2137441856
441659064
1164006555
81375640
1605695539
1790335350
1754051205
1159961603
1085751191
2024104935
2056688886
796281225
1656986719
2078595712
1331045243
1233712425
1652916003
254201308
1669724117
781155191
1455627757
1010964882
1418371797
741358651
1653160193
281792856
151999764
1763744422
3370202
1554474847
1188338842
2140812058
1996133911
204861749
74704050
1454345802
1995197100
1828755256
466823757
933464643
1705376543
376028995
1729745868
1214879614
307141059
913307463
301108391
1960057062
1167508772
1970832509
593728606
475652881
834313743
2012100403
1217011532
339990289
146409611
1369011297
2103734711
149779813
776002496
1144589905
143108224
624652760
1349451655
217812274
2078998562
1197165107
2046567530
398338672
2130629750
1604460425
774367667
1712891970
671856392
1081508727
478715785
972964783
894082141
1646224557
796313644
1487810747
2121877438
1630627388
1352427503
1191405323
1970617677
1498837114
412932972
1926868740
1648616928
1188935468
923974997
1791725152
1813588228
125943004
2009537426
1745103143
1323108111
1908621309
2143441815
1306254213
1365598086
770325834
871662535
2037454478
1851834561
1350378321
862935614
598433055
849119230
1659249258
2086243802
823513021
1142392998
1291187657
2014918344
965527027
642541124
280367668
744912119
143674404
1469303136
1668887117
1935399556
1135407717
1794830121
1797453334
733027212
970454585
1558590995
728985379
129225150
776705434
1499311213
1000887686
666676264
1203662127
203782359
1529611878
1802095182
1052901589
1041377489
1740855336
1876414610
36286839
884559346
1743849306
1001813867
1527100470
2024216974
1746725986
1670774874
1346036463
1268129455
1458690782
333960532
915475929
1108660468
1066987744
1885930514
519767816
1795973123
2015155664
1296473250
1147800688
868559702
1963149514
203979167
1072342061
1345277745
2006074349
2125243651
239171586
1599446038
1854174613
275458425
336521736
1450540272
1277272292
1863622206
1327273598
876514631
1386913432
525826413
2144644086
698120566
859786945
912636367
1806781034
1926774689
651083233
179065202
1575264164
518755250
1475538452
575581205
1387314952
1291204319
779560372
312173366
488998416
638151074
289933369
728170002
90113464
2144107982
1003628427
426635200
1447164606
133417072
142773758
626954557
1009931703
1529687190
1152780970
1007092141
80324108
2012567916
1919728509
1887105142
1791858957
423328094
2066170345
1219639474
942083344
1394225149
1795220679
181914649
537945820
427297403
494088015
1026944236
1065448477
784021384
1755114238
1155561941
780645718
611259018
1582197141
80326677
744676090
1724970899
707281234
1754607793
1107174441
1860062204
614216286
1187498549
1725146472
386461147
927120044
1369521782
809789242
845806741
441677608
1751872586
92548242
89414639
1933787235
630494063
516712042
280391602
1657438299
1582160520
1064412986
1265068890
590238813
1845058705
1876327908
24952307
1925385382
473520350
1749923206
485182968
80644495
709614000
197761524
694860781
1897112549
1922907997
1081321929
676748945
1144946131
1891111171
1522555686
1586623739
1495500109
1615103929
1676038378
1281803697
98114344
45266772
1562195299
1755552643
1627427292
479124638
873137885
70182458
176699695
601982145
95134765
2102085077
1075502495
1845057971
439784397
1156146990
407188323
637545921
1851007772
156817225
412970270
784846053
833566170
1557916401
528473576
208638209
997056492
2023973685
1823742138
525611222
1158293734
1921856482
570877995
573005386
1529925477
50821639
1052130024
255579715
121004097
1228829719
857561860
216138862
1183431148
1933064356
2061196834
1623215545
941727698
320901509
113277818
645251822
477718734
526248089
1430097875
1311284905
2084164490
1958571451
1519923114
933737335
1835061489
1196181604
1459348557
845871575
970554438
2030226552
1418876961
352996267
2081048192
323523337
608575982
54568641
1552353056
1466137843
270707504
588300556
1251718551
184420690
64032453
45962601
505322199
177310272
691214424
983040934
703558361
2121312299
146842191
640239203
1932400103
1666765305
1573976538
1619977944
715463261
885841448
318365871
1686017699
768584352
1737242833
2039013966
702148896
2060766170
500106301
756717538
1465635579
1966244144
1027425042
2053936135
1070479047
1211845732
2117968589
1116441648
1717167931
147795213
1807656072
552725217
851353574
1781484724
699567408
1491592777
1566401179
218849065
918085668
1038895475
934312326
1803927116
1357261346
472846377
425027820
947020531
364376696
1127176717
860303054
864482997
1883894255
178454985
683243493
763835649
84907472
1753722540
1975681381
55392413
722680540
1545365664
203187626
382852965
2098090882
1054541200
16854041
650174642
398650330
1583255220
869023708
1316735998
474667047
1803336034
973179466
1831928393
128698764
1398207286
631465277
493075460
377900355
1491768331
1357558457
114310962
1670223316
2040801950
878146611
1755130788
1647040842
706344344
1810523202
222237734
104226361
2013710828
605090699
54833595
920768381
621944740
705008237
1319418711
57716312
1574031945
488671061
532383359
1229884332
1461850527
216828105
1358583096
712574165
848293382
1851658556
1090474521
192578065
1061733365
1204785483
1862801381
955051667
2082932095
1470448521
454608861
641792791
1133488075
676846595
746019152
999715256
1281937295
800852747
1920483637
1903882035
1505860985
1092418700
1961598348
932409282
1581089761
346498059
14809966
895456640
563326164
1373393062
1608030805
1411619546
1077567970
551021678
1604197611
2139301335
1755807162
1319515344
946869354
1691255609
642480218
1401478215
185564752
1775968293
2078324811
931583905
628199901
1212778458
1732436652
401199890
969176845
1090813989
1493618590
783291545
2023223272
927224703
1129789605
2038033238
1822681343
1693115769
1263942653
1283228501
957251668
194026975
1834250179
413965631
185844663
1442573693
1733480976
1132714017
986345654
228477546
386708585
1171910407
2004445839
317549748
2103494312
485162093
1530328206
1688447316
886361983
352021403
631777658
232496926
1135312949
507517282
1159721629
117618906
398066872
834919325
1810734675
1662009525
2118147826
620502695
1856036501
1804914357
1034468327
2041881164
1100004403
620465655
1027111533
2086350057
848943201
1413820118
1110776816
705905392
1731369866
1066787480
1191067485
1114214424
607751149
2077429469
1466235828
1239528807
162442747
454065129
1747046089
1322164376
571684035
2145112961
9600053
234935062
1659638839
2127747879
855437758
1368191692
1785178589
1889906085
1262589208
737699344
362888092
142217093
676565753
1211831293
1556037212
1787342570
1917736685
1139923430
706646402
961320523
106654207
1314397551
891266344
1572890035
406442710
1053709091
2026955164
6005151
228389819
451155551
3634465
237989873
686090613
1663273304
218254104
1541528371