1127592249
1582752689
370504510
157469577
606826275
1635048077
1413086632
769032895
390733979
2019204033
161091560
534050780
1336917570
539476332
297061270
570716309
1473855071
1380003947
2141429241
133703393
1941128962
1499699529
1593732878
138982113
1691915318
1609964882
1975579342
202195779
932553977
470475130
644871271
2060146227
2053227820
1015375781
70132156
512570447
502940210
1483218788
1281603342
893674190
1354939174
1442694902
1427724970
544373096
1982171235
1724786240
1115089406
1308542658
957306539
1109034999
1442246052
750951853
461250881
888495282
889933967
5682551
350976516
718029661
207878330
1283530494
1188504792
852749601
1196193073
1094248964
1868125383
1266325229
1606819411
223581945
602060370
740939106
1117256135
1956999544
36150360
397497458
353888992
2018321595
2122283698
1468978398
1179380606
932106590
430529750
474143010
1683058443
891780631
1362638292
425508762
897463182
1713614809
1143538424
1105341512
849661655
184559568
1958091114
2045854728
1278808532
1678732849
1164696309
738144295
1902314794
1766756679
1479083401
872087282
1576272575
1515233762
1269584740
1930161568
1386071709
1244384790
1251656318
417968667
29007732
1682186068
892111677
1712066176
426483051
107266322
2137574938
1323946233
1820881131
1133629714
281804098
523059138
1318189282
92411564
421430218
449514166
1771144413
1586126527
1187658462
1525975559
1205399559
519258215
250579193
634188486
2034491977
1520163933
416866406
1273080039
617065076
1668522725
1691048706
646072808
1203225145
435676736
210655336
1629708197
542943058
200746627
806170782
216340541
1334376341
1087974880
739399679
505081976
1180386444
1160829897
954596142
804047209
599472776
2142254604
182539121
1804872335
514029172
433118314
291577174
401037501
1953282248
708443580
1674117540
422863676
229482657
1217682599
1068936484
1432707803
1653359335
1279591821
914932352
48818745
1480338448
1721103134
265159286
667231141
661594367
1004558965
1172313117
1841980811
17905214
2126909260
498544373
617377990
2121680216
681083494
274766678
488225740
1114201808
566343852
889263242
920000408
1274787432
415897134
1342864084
1504270090
1633579733
264316921
789494245
1139455420
1543908742
1704426597
1188274165
876763542
1278046083
1453433451
1543994683
1939640450
310508768
568824153
1634137614
328413982
548249765
2132681987
945791973
522446333
666281833
1220558651
1010672074
1780483641
1786902503
1899935316
553000402
914206287
168348802
1895864486
270992729
1801928536
12697759
1060486974
793900308
1556606501
617429923
1982174474
285886395
1895476007
1288124277
1829881079
1687632809
1598633046
251221584
1174286775
1927047028
799471349
1159485114
725355353
1321917682
1825766947
1945914004
185106108
1458766941
1585332859
2085041424
2011767343
352055499
105906579
1760148181
623048228
1907835115
1772845941
1683535203
554251775
1181968794
153481478
388942601
1467855190
2048957485
1677066879
1150252621
1589106647
1128216277
1401474205
615909774
907779657
53461906
1775394889
1633135011
1375379588
1453678188
1431565367
1560485697
764961481
869414579
1498043473
629245176
1221470078
1603950052
241909710
1844518306
1364301519
2014755651
1380569861
1918553295
1049240797
1534051340
160012248
369612339
1435525177
1837079127
1519864960
877148176
817811756
773855517
1493057951
1725591414
827317423
1120969192
1211242777
55213364
427163732
495324496
1615699061
1192125214
1364739075
966258886
1821370390
438725505
422725291
2063280100
135760164
1787026810
1930552103
1516330025
1558096457
832309253
902897717
1718108706
1201921592
190939247
1407704185
574302905
1068087423
78032294
1348158422
413661726
1803623708
27992198
1534630918
867382837
83205562
1961794651
1362707333
1698904623
1006436217
579962761
517679861
680322959
1018688266
940405152
596119412
1154448430
579948315
379187867
523294808
2138044772
1211497120
1426192525
1708669830
265935065
1617131772
968890368
840237970
537735548
1046922662
40912744
951397274
703062722
68904942
338544545
1570445559
152110504
152855548
785669244
1851015127
1159291765
1365632005
221211341
1839614724
236836624
1161616493
288250488
1391285054
1741564808
667438356
1914579862
1732125933
1878935476
1193288740
1293312115
2144870541
662936864
114718835
837624863
1200672412
1161641497
878537608
4586039
1864704219
947442550
343130584
1287666130
1099553055
495986132
2073335375
803084534
1655277897
1291483732
1024295875
1347408973
1528320356
38428721
1635659462
772121763
1779993529
155614170
539217977
1364635814
2034549646
1732506717
510464282
2031936540
247959934
625183117
722077755
1448632346
1786824615
1600615363
1453218385
1504045186
400574266
1796348969
644227669
1500127321
144851453
570079396
155728207
1800129350
1861563128
1180024083
1000054676
1242399837
1218452804
488230490
2014521600
850962685
643844660
406255929
68114852
530910658
2138762647
578579134
415363550
239238933
1203762251
1137441306
1687871279
843103218
590573021
993606017
199664757
991147287
642471338
843892426
343790960
787322792
1413971822
499519168
439968494
1128051302
1679543251
1440023170
222967491
750512407
1928253660
90005443
1601475092
424614672
496261373
1669589944
955525331
487540372
100685430
1370888881
726779305
1304447682
360846539
267166936
67252
951419561
1260772953
199732009
1942566848
1903244292
1043624435
138874161
543083436
310112609
638393329
983051930
1438163912
170452932
275591453
1661131403
920965339
56361465
1751136847
374956783
480976138
99914572
2044546728
1436501469
587454944
2145232158
659906702
1314234249
1302196192
1020753242
1581401185
1302263445
1972172803
694690491
1501995454
1767256003
450451135
398136242
1906130164
993534571
708248851
397039845
1976586501
2146412763
567492777
104694306
1660060519
1488458116
161055772
1263713718
1863414900
642031910
1363628290
1760477980
2078533379
1951083234
1758226490
590956433
1117833835
912939035
1611709675
551751372
67718832
1436398830
1246441863
1569714286
1056171186
1696892998
1967850528
814817702
542943921
528615732
1211857548
372046775
527544847
1779350325
476741081
40121718
1120324794
637796853
1303835436
836256046
1279828763
519980078
449250378
1210878494
323579664
59993220
1801834928
1441413499
972932255
1266060955
1993164872
1040651087
554976138
1092123087
462881726
1611147324
641532438
283248606
278481378
1184476359
811864338
1490338926
1556523134
1339409186
1122205604
2033264216
1379530904
95046750
523577421
535882693
931302796
1803406185
1055862771
1380553174
866801031
1379442436
1440546394
521152311
673372287
265995002
1787213267
519053511
1306646089
194705757
1611176599
1769527815
1805853081
105225389
2052776422
2084334459
1289701748
717157112
1427189738
698741235
2056566298
401911694
584521803
1288613555
496958444
1108099224
1824496248
1428261240
764021761
732875371
661330766
1630822793
2112317807
2101877160
4491456
638206447
220388514
1791704723
1157259958
1527034604
1986410480
620952909
1149078771
1644779913
726178298
1054371545
1581630725
2015880047
1771528658
861336815
567137634
1680611308
1263248509
1151659437
821741215
1760206953
112275013
498753815
1040984545
876296775
1231629187
1702315311
359635920
1196463346
1656708823
364127376
1834669793
1877097338
8348452
844446104
1256648294
1994758932
1465399013
258243417
1492055198
44093664
1312614963
926202275
2059973711
936659973
1787539090
479627697
469787633
903303951
1631287134
1291528849
516027256
1743562147
1790282664
1557011801
472375274
874428203
1111843464
832011194
2070891550
621068639
1196138571
1758077695
350682329
1204487023
455040151
1607330623
1051762307
1920439165
1865574041
396333857
1964532829
1030705356
1322536132
1877022892
1967365329
962591574
209166941
289669314
1865895525
1840454075
1581198163
234439133
1436532574
1223997180
1791450934
1908907849
2098425383
755810750
593435395
2021833285
1376879390
1789573966
1632427333
1727561719
846577341
2087467484
1187408695
1898339649
1860423001
905499088
147189858
1677472182
1936204444
1469725991
1407011426
1756086125
284833917
1616178367
2045755439
3245795
1309148794
1479469955
237684928
598197721
555983487
2029135863
359621922
506925222
637462965
953057317
381274860
2014342355
595147636
2013702193
1594420427
1441724977
1953686029
634345474
1192580978
1666625383
1539844562
1339770837
1196613917
1328565358
662013180
456141696
937167835
946847097
2072320063
835439626
950092892
1233985210
167425933
1187777821
1832182931
723409420
1069430036
44321205
1230334643
1706893001
997378522
1611609503
1573751709
1592526158
1477828048
1020688488
886767488
1284030429
1655033962
2079348466
803172164
1047394876
1271635655
1999786082
228476586
1933648835
308444130
1165644421
733012285
233280545
2001084047
1683105177
1467265755
21026333
723399350
1151965038
744435753
1792829386
1196286243
1974770396
1352238740
46181118
1438896251
778506801
1638707276
769240651
1799195289
377991116
2053271081
1306745603
309855935
708959597
206656831
1581491590
561262031
435133417
1367656778
869706161
1600777838
2100669063
1102986707
1454378237
1636290592
422768814
1475404570
212206295
1574733853
72356676
2005035681
623536448
2047127072
1209790773
669717566
1338539676
1988297574
160941195
2107780327
1640009215
538932311
2013567760
799271170
848788246
575043710
1005928001
282796189
1136305741
1441061418
1650452967
2006011903
894355608
1603638382
961514962
201250198
1092445326
1384283776
1676654768
1304651621
811533981
1749011444
1162203655
1435070430
1648654869
224510780
2104787996
839710897
65324707
118245543
800007576
1705333922
657177855
666091689
357121445
1505966101
1241135399
1363049446
1788762290
229957492
656627217
1291731609
88485747
1550982825
747886343
1050000709
1752233023
1840331670
286800838
1281404144
997499643
1098334819
882931940
12219650
385921601
384103161
236730431
343225950
1223814058
302055138
461471493
2023821635
2007389060
1118649348
542429676
217026857
477131802
1783565075
1580076304
118410444
2013522567
89219873
1410142054
2102008315
1640202698
10544749
1004525376
1244952074
1850876419
1291326214
378872570
700892415
242177386
1261804510
713112065
628098987
1645907672
949842496
971324937
722238082
1251897634
1432796431
598576069
1111803047
403962131
1141005745
1328829904
881093933
777087172
761422560
999504378
643126092
850642433
262162784
597650759
343361484
272707533
1602176135
1588313558
2123583953
746018702
1967186128
676992720
988196088
1081506990
1390104785
1616295075
579931014
192463634
440136365
1302169097
1444361268
1872932796
1900745166
408680667
129411279
894267264
1737510572
1010505213
1671354436
351449484
2010009591
166996880
1202091918
124688727
764647639
1545453402
397396260
219340127
986283312
373496565
965358829
805985792
1050489285
1953554917
1887492782
293110423
1422366344
319940149
485574057
1862502709
1622109246
1929935325
1587951857
1375370764
191132345
1717363137
122154380
1928642917
580384702
1793508817
132608753
442910645
1960505697
1334700671
567599372
577669689
732670425
964995632
797009816
1718953737
1338492198
1762368645
377455881
241497835
1568439914
117465016
534608258
843322610
437405165
1020182315
558341672
2059514411
802633993
2146293529
1287401527
993766338
1716173018
1409555908
774925607
149074072
1055581077
907534360
591984717
868603126
94751384
1159584089
1446272815
827421809
2124579722
95798983
398891899
1315588272
1858167628
776347780
1557086107
1279123894
893812796
2091694366
2122446505
1331217961
964393033
533304529
1243248724
1767027026
532114410
383166604
613309716
100803781
1792722512
1388235323
249877853
700819941
148286036
841862571
1569423067
243037420
2001446660
868212235
1070459229
1978542734
964011218
1469351128
1146647358
674695199
98215261
556249818
1953819093
992028057
500460536
1928781950
175762371
1464853569
314602831
1419011095
1084396948
846717242
1802177699
1697706664
947521023
1447416563
938458340
1197398876
752856
1086744376
2039261447
1570175924
1329781796
1893224460
290904511
252757377
1724283546
1254915729
1722108506
723447257
1929610928
1820323767
1279697075
1735946374
664868176
1780157611
1517244676
840630547
1097527532
1831847508
112157995
34440832
531081102
1914335694
1732147497
1478602125
1214268610
523122189
528517353
1215021466
1609866565
420295153
637713742
792164713
166035965
928618253
1044922090
1890319511
36050335
619546948
466283120
1965661263
292387067
1745980195
1554123989
957255244
1378654158
923885018
1797885791
328698043
608248878
1910043786
363138875
1139329980
1676895833
2095286372
470448457
743680795
470924913
998965810
1958702261
2080791478
1419260963
448932356
725472543
1585296928
1377550609
1770394634
1328132792
1413600944
242457934
1794415912
1231778560
534845002
1392912460
638418901
1492100246
624082970
1562303919
1142502389
952781013
23069149
905062528
1315919889
1162399129
434474713
1263722613
1632847586
1178155508
1734647527
484329749
989374121
1667955357
1903590712
1438306477
245944253
1341403993
668373439
2016338887
522053137
2081974383
111313173
168985401
1166269295
646158175
1561897861
1804688197
2138258421
38497184
1219508468
1133277163
991278197
1242577618
2038339691
159714438
257493099
325330756
1423437052
1890340686
1503486264
1010600931
227186787
345376737
531072640
2130777499
1783683215
777016893
1324697844
304573006
645872132
1846750981
239063741
757185306
2015736383
1405333037
1403343481
1430150596
1062537586
1394118255
1468647780
134562406
379911770
312442330
1377140024
270767813
472156768
1634633124
596098569
1895593820
1377490162
2099584833
758711103
1604676949
297477922
1289783744
1587970800
2081161137
2066800637
765184997
238250495
565189122
464452330
477314237
1322374428
332705065
1882647274
578234261
1762855662
797701212
1972352516
1084019794
932263618
204780638
1396462124
161919995
475548451
1868618893
1796553119
1071647020
1616729065
1026559633
1023748205
227956521
483752934
1321226128
1517740265
2071723734
1254903617
1437057254
689425083
1493154113
2002246376
1153877414
1970468350
1177137156
1486582479
1705631976
1755371418
1101954493
355849540
1580240286
38490640
1288113158
1785020925
1434952764
1450033153
113085728
1156088009
1099102624
1184732749
625333427
2125662257
60997306
853289948
461931543
1382223434
223546565
386171630
489643404
1660603819
1075596713
1982797517
1515366548
81990479
1805782219
545020056
1568572959
1363930547
152907826
523043804
1719780087
1733148113
561534444
860409597
1370685390
1996487209
162959103
1483771118
1005091570
1262061727
521020219
1630424997
1240240337
582017526
336231297
1702171880
1964240960
559777862
2088343510
306400716
72898034
1016456576
141714585
1588264582
1098447055
1947496804
2133284638
519536366
1163943703
138708817
1042580171
736240142
1871856930
1604114615
1596649740
1095058672
1453118176
1759608843
431346142
310726099
874186922
952366362
1941151096
2114427259
1534383888
129898746
1669115492
1351141200
689676608
1609975354
1657541917
762574642
478948282
1799256502
203355576
1577395338
1599269659
189156567
2096931704
615729714
327865384
992028227
1351969857
52238666
448659195
801135949
1147297338
1901777371
413261144
1578643480
65019822
1287448066
383526194
2006170919
1254391678
1917910082
2136069665
776023522
1121567635
678262625
238515228
631625904
1440837268
717463511
283398758
1644192844
147375201
1882668417
1833349411
96823257
350914484
13731147
1088851485
1702884341
65969813
1537510680
356536642
1213267151
1291804403
769797786
644426984
1356824226
2057245852
1027953178
1215511497
1164153882
798379613
1204097514
1940177404
1919947248
1882360139
31208985
404089504
1175713759
748672496
687488262
672422956
896047697
422673032
358288719
992870954
773587516
372019867
2081722439
328988209
437989680
1471749471
685524851
1651256832
616070227
1455322637
148200168
1972894453
1365084841
1176153346
1040922302
381755076
1974532959
97536168
174448832
1746996559
1979896307
205657817
3602415
1008126419
954330313
691090678
1680549375
1850378010
1113763710
2038838094
695765317
1887351226
263374313
630004108
68855787
701363994
2101753580
754380638
205137178
570340159
62219627
353337346
395750964
1427304468
1529490692
1436673266
1809059544
1356540004
1534209434
1983508377
956052915
1366622093
41682546
959655331
227264864
996012860
1650746009
1907814239
698907222
617026071
1799168686
1394672539
356893649
2062542999
2024676648
425749436
616423345
1978946580
1180130074
821560523
401803091
1242349701
1174897869
797554055
522170521
556904914
86743673
183746418
1913444918
1620953107
19771147
722014185
840091552
61453693
1681669516
1067356417
1057466553
1184931877
827687008
1756373776
1801957948
479372046
1003562667
11367949
394431398
880755667
437117385
1010854743
712218599
1617247459
1832415267
1114021690
712113512
859829488
1911575745
1234284034
1416734402
1998319418
1418030452
1182695672
1471788877
1437801599
1904709858
164396782
1499255292
1438895726
1231753199
409238198
476343956
2059440207
18128326
130818256
391328606
1021690993
142186206
785760004
1902446661
579303591
1796614747
467181612
49067403
1481546366
1581203303
761180915
193892207
1345295400
1995464949
1610626609
1196131171
1266011753
645838634
520436400
556329704
403064844
684833182
2055584997
1841960570
1916586381
317339547
170820878
1828542941
335467873
301639135
72387899
1357158866
443825341
858147903
1112121879
1023128932
507279002
1579303492
1072196335
1988825369
1013023147
1833377251
35233928
210834899
1681358552
1645860537
1406966070
799886658
144215523
1927402471
1356216362
547280367
464752005
1264317711
241757290
233854739
1581657258
412578168
2062397680
1917125131
714217303
2134785579
1126800350
1158042644
845449834
91438581
33687929
1352728836
1670742073
1105884264
1194070557
536281572
791777867
1229304485
747116472
325652772
727681375
6598894
1125539430
871896898
1934001365
334272144
1419177266
251269723
1598589856
1660934556
485124462
1032763466
2073512724
400038494
802404950
640246380
387340425
1929205300
1798289024
1232790259
2020643881
1831976953
438035447
1543902307
790377570
1632106005
2080183879
1582155437
713926842
679816703
1907808209
1441608217
686415598
885863991
166021468
472933315
1220136136
1585198734
724203038
671242344
1098649642
1209327500
1704005810
1024678718
1609365994
358927112
1664925098
1996706419
140648764
1315730475
1082013030
13808998
1000223780
1520048478
1557711305
1790601350
1004670835
1490411536
1225273140
1718597677
22744592
985597701
1012722247
709160190
1871461693
1178743715
1182093505
944114181
616458801
1906296544
1615356525
1715108443
968140396
1171878687
592303513
430022743
1530805800
109744964
279245514
1671454564
1425475439
1361258545
1685263562
278215571
733823375
1095491219
2068816922
1738494210
438419108
1146606414
1309608239
461163700
2132204115
174846838
1170323890
1856182160
1353590553
204933747
652812693
1970049354
2111230291
120685570
1537674149
931887040
1292564258
2129977663
1361909783
675886410
92238979
1641155297
199857326
1517714418
854930194
1885120889
1795929989
1588753569
833128460
1717263263
1179764131
1271547568
716386029
341888723
1732711268
701106497
516735561
755551510
409805009
1870326115
960485258
1062617703
1692891821
924231901
1183303273
1083082323
1856118941
328383883
1065576338
1070545076
1004270293
1157815317
564216726
1204127620
528046087
1419146920
941764861
176492428
860416842
1774893321
1893755692
2040180973
898957242
462658073
234586048
484184862
1163764570
751321610
1239736373
1573569580
474164077
52737983
488703635
19572250
976969884
1672006908
1102654573
685605178
2000390792
20747263
1756150254
857177437
1178562580
172883332
2061305057
1706608667
1592030253
855586270
1883101096
304963447
482995944
1629373140
197660772
1381953186
2092031213
432246821
1866138048
1108312136
1183568431
958390773
534398068
1657732508
1011128756
1023101703
1677304758
1988098641
547624963
632475684
526220171
400532107
653222947
134886777
1257709545
1831785528
307770110
1171530954
1390910547
1899800363
2027117225
1126527995
57280162
362629521
608417487
254940934
1744582707
552965053
687187755
1463237107
1661277189
1870756186
274144233
48191609
1381005046
1285272989
1071293312
910826157
1125887982
1618918275
1543301841
1652108153
2019450383
49041140
1786994931
1129676280
1880826668
2094765041
153723586
1124253568
1847081756
33357163
103297915
1904361918
395986684
711715403
11819204
2140569391
1264680456
699006960
1456322851
778473997
422279498
1730467084
826665606
1803284545
868256425
1897958918
566627054
1994144408
1369393545
2109928895
1498768913
1241360280
11486387
1138280196
223552912
1892313056
1085561589
377276499
869082976
785159697
410633662
972380891
542037967
806620347
1684096294
553857172
799706090
801293102
1252864132
108545293
1579767099
1675143630
1839012377
258949057
1330944527
559785155
9424327
1897571581
406445915
1378817873
1860016828
1905214828
472694505
1871503216
896011377
696247418
1616332624
1981572966
1073523917
337931952
619249016
1484157579
1310312843
1161286983
143294278
846925490
1715144155
943000369
1648218592
820524639
1051545662
1080502044
348184622
743074392
1339451101
1679129149
1302859547
1348875429
1429217083
1709305462
580209654
1141750263
1467036642
1052904159
865769831
215564371
1749151577
334618807
49653690
675191846
672550759
668902706
11865778
1982863603
1830189689