1111530566
1874128185
107576943
1002274567
608201984
465871866
615788519
916269100
805319020
365158112
727323574
404104609
326080308
367466815
322022100
671317985
1013036226
139981453
1001229376
2124253574
1789251512
1823212970
1397558262
1514995950
1205315937
687854221
292560927
1502296198
374110697
1377321532
78684348
1485641263
1103966070
186261291
340432182
1712168054
652133157
956220701
480953506
1457452177
1321378813
1208277080
1861556786
1647459122
1575743895
36095238
171293459
441296473
176076691
1172522835
418066399
1965328203
848252157
1815624662
1332840505
2053568095
355995235
1625401432
1408380645
730105932
855239317
1487064993
68263547
1959205387
1673326284
408695729
1523889793
177975793
1364916430
2004843299
1635427971
538811596
1065636732
1349501109
38787070
493896979
1385596348
210080529
935193453
1561673039
1382603364
1353259852
1379517595
83371873
1021400866
564874452
2136939968
1377396101
42792237
1397836966
2107502033
898031554
737418311
28281932
709753293
263260948
436977661
86159438
441236741
1801894092
2091002737
2076664712
193222040
1009155821
1278682174
232009110
1503052801
516794874
442089639
290762606
2078467913
1824693003
1644022458
1310501860
1908064876
517939677
1875376313
1897521197
1895335778
1918168550
1147874515
1855354164
668716456
1885292826
1883636096
1378469749
1070126
173130110
1464629187
442306868
1975024202
1408148276
371487932
20762594
269820450
1650170106
252771704
1772873251
19481332
694861343
2063635857
2097949246
372070698
1560174667
1260967458
132651926
2078114344
988860123
2030173123
1825966475
759545025
1030563990
1533836991
1428261481
768373169
1269989439
659247582
769443295
1443119549
2123876769
1211750163
1270660103
1384541398
1583238096
1291422697
1654361848
1085924554
1544194401
1279751451
1105405887
91572096
1195903660
1055871485
463642794
608594679
169355295
596294721
539225376
1158215419
478984196
217708203
1917760444
1509548187
1751545194
1198538278
130437708
874050985
1857785860
899881003
169686887
1834178982
2111631167
1440346990
1071236732
1547385615
584286040
578114932
485826521
2128480441
1857866383
1591232408
72568890
906286395
499620245
536211684
1514881074
668975541
1132506405
2054106450
1827190960
1611490602
124331005
1597467756
973555141
1875876199
648522386
1103992849
602443537
358824599
2003873852
772130424
45519933
1968021371
64993766
1116756665
1367923338
649279806
1694871597
1853749860
630276600
1405254332
1297498620
702845490
164057079
1797118866
1239057174
1678938153
318610759
224079932
1585560956
2145801719
1835570534
1709891961
1595785827
661642027
1438284513
96824566
1765634876
2040728050
455649165
1622025080
665374826
501169098
1442562804
730368592
1617925763
663002494
1379648399
1165313712
369268706
2009924999
423084396
1666767327
565286841
587141475
1316402545
1804344015
118595980
1635013304
2028423947
1704156936
1633331375
1716510833
1266565250
1081633554
230669212
557366115
1178458120
1996304088
450610517
1634107285
1470845521
1115985343
2135276383
765924677
1846353935
1605718498
1428927171
1078518686
623548562
1798195878
940960037
1046632958
1317479557
1506246878
1633774433
486398454
1163107246
1752370414
2121411758
1044047545
1309043702
1607259485
613074731
428125304
541409391
843743943
985491419
1719867512
692564384
1436101936
1206491149
15926257
404603631
1194283885
781850934
103473919
652518735
63294457
1181992605
1276067298
1861490335
2122952643
175216608
1031486244
1481715873
1808991042
1517884698
497339471
1413877808
1491812808
1541387017
575437862
951588645
6978100
1003563167
1492998037
850722043
1989054586
1065381901
1543286427
1277672875
124389402
1559212684
1682276506
1318673287
193579970
1785750425
1971192023
256874428
820259383
1099775673
2118364763
795728378
1274992281
1002367360
129960603
936499675
372768410
627300075
202893835
1864581219
21203444
778331698
668686216
28181544
1781894865
14200605
878903587
1623465803
1079582506
274706367
753655030
1203971909
1833919051
288447889
375161548
2027499022
2074198314
198869923
136889802
746974049
1298645596
107770917
1542702427
426154230
1110138277
1672663031
1362653905
1482906688
152479458
1565547741
1200004259
173682902
196395791
1868690475
201864446
1978290656
1882891081
1080768033
1454272811
814989939
1355474400
60444194
2018961848
1041909804
348892083
246639749
921925178
275606749
445509672
1058814980
1022580799
1744155269
1166585897
417799578
22825851
129240527
2090462609
1385479756
1612147215
95458419
803543849
664667826
269141321
999939640
385874653
471005767
830746648
121282086
1551773801
137535812
936272026
759764553
197980006
807750226
1801674357
546872089
1054389975
576115887
822478838
1499899648
1634930867
1845059637
1096571269
654033117
115375568
1119397120
783273644
58354529
357393228
247937211
153812949
1160937078
912605037
422954270
13393070
1298479690
893960038
844139719
1419761777
298250191
981675531
208550155
1058014744
1179655537
1016300381
712205454
1726527626
2070690357
1288321341
401522816
1423106357
775768561
99098806
372193978
1429801678
214474374
1491591098
65591674
272828903
1848984326
313528885
426641852
862437756
1226133922
849596123
875830827
377129964
1743556161
1719970546
1796891741
2041806352
554162429
2005441896
952337448
1733817966
874258630
1664542902
1312861944
797465339
805380596
1714384760
73088048
1581149157
1813483566
445282026
863467187
2027957940
1936873124
929058861
153303196
1638373802
1242587746
579945048
353327911
321238020
1429541171
1229158738
698367984
1025613684
801645636
347776078
919936388
1355808065
205734326
1872273837
942142383
1079992956
1389333091
107520679
1877458295
47230039
1821905439
1950546343
1628379196
1487905358
248344721
344362735
1368379650
37734197
1273421596
1521682846
1676108000
368525694
2101627895
2029435911
689763714
1383685418
1111111001
1388131699
261815455
1912756637
1735907777
1181751843
1121081054
1941642103
906542032
2063223437
874151412
148391476
23260468
604126059
195621515
1845165907
407188755
1824000712
1185587617
655533476
20879799
406483620
693267674
1294301396
1928166466
221892026
1662827090
1882310713
103844289
205107157
1118512484
1214955290
1593238856
1380327939
980228279
1181662985
414596134
2101309333
975821440
1321138167
2017049122
1849972852
1469529643
2040309590
306615264
1665151158
1737991849
713804019
1341668222
776095819
1369337495
1362548022
1182579439
2062605169
509365770
963262257
137013547
24709212
698089323
240857836
229816369
1816601807
1455813126
1823055225
1049446098
288557757
857234562
1464042232
242383442
1833056003
637696751
111948916
1535545207
2107226394
4774858
1842160471
1624893905
1742766708
408480842
819078479
371378879
1777818338
34142853
1553958318
1692939859
543508623
369736927
1829953407
568217836
1067826250
2070811243
798034205
736944409
1379140722
473605783
1786390507
1667698479
1330840345
1102949092
1910081922
1016412700
1740645843
2022030838
404474260
1700388590
2026805697
99151083
1177798847
1622088757
507631926
1996877326
1993467636
137966616
2031020180
1399942306
1830906475
427045155
1769679233
1513376234
995262991
690021836
1436703830
1793297197
1426966245
668360904
119419332
1065873105
188575735
1450259677
21338549
2098657657
319188730
1761984392
1973204848
723662990
1314889334
1852526897
822814073
345204533
1327132006
1330445999
194598212
1173115994
1468412615
78134744
425574652
1151835443
505179899
47770237
517728029
1500442891
737792073
1954431859
1146256440
17274671
475309115
1265675772
1083147776
663884851
568451801
1104486325
615058860
887640531
718987069
440780060
1611303521
2033876404
145823309
286633947
231597289
1472955315
1617079946
426195501
498587661
938008914
504330245
924162313
2089844357
1009510145
971932551
460088738
362469388
1709724624
267036950
1508725828
1726999295
742346065
626917952
662663423
1406230916
1195369753
1767149748
2021289777
2083010285
338653170
314586189
1546830158
225045926
460409499
1833464105
456643215
1933364814
1303060404
882838717
284468828
93585670
1387168962
1208631141
35946379
249195459
33080044
496035117
611664847
1742804669
763072067
2120390675
1322320316
1505418133
599824979
1984983740
764165401
1795194733
1604649840
637971530
1730721370
1943303010
952557720
1130067880
20865288
1412967219
816048338
477508504
1198848385
2119108742
1360347221
1483317213
65210764
600032535
544464707
101157143
849227995
577544751
597192260
1460892842
172865772
1360264328
1433799870
1495186089
718198813
2033624849
1332686181
1482364214
1681335934
789852373
2120335745
1264573656
585671736
925409817
247157889
606537024
190893388
1063206227
1084045528
1389741773
1034831321
296909101
725575339
1100042085
896941637
1270040046
1201199228
1746169632
1847584797
1798391488
1059578826
2020450570
1011172168
345895048
1368153011
1729370981
232036250
553355544
1064251548
1913372184
1343207917
1037103645
1030462193
1928879653
1962513462
1277620082
387933030
5923202
193342661
1471978558
1395664975
1228173982
1768887660
2121240314
180732419
518345649
1243796712
1381931647
117031633
943897862
1032839487
1176610459
816864784
2044011656
1522505508
37534147
1625898989
1754541758
590889691
542666889
1520430294
1934097608
1579770534
403408839
1715493614
1394800348
1681028921
2103426644
1400723550
1874371582
1427921554
648904878
955061916
1049325566
622661544
1135794335
1567671215
1866458257
370242334
1684702848
662872471
1403081822
713829660
1479737255
1299609830
88851520
1517271402
778025171
1843393278
2108161093
1320692061
1216339924
1894775053
752978947
1619748764
1462785019
295648
1153294037
1418728015
1401019198
880181972
699165922
2049924076
1835243888
1748491488
525101973
823554576
1168679056
244076582
1193796910
705898256
906949053
449395084
1419727916
239202660
1749004914
1508579436
1756474062
379546438
1204489066
1717151507
1700238499
273345343
1464442912
305733798
1893094107
779744284
306029446
898904496
50988651
1707048645
1779086468
750154573
1609489073
1466846709
351162414
2134591046
142917637
1519841470
231183980
1336714547
78256078
1138133033
1786109632
1497983995
1377335693
1387630898
859079783
986326107
1767177336
2063568850
555993966
1319932187
189430545
2020436879
1625665986
2082524652
652697515
1931695432
833945500
703686166
1491260429
465548321
1453840740
953265855
1932395030
1805003154
940373253
2075312667
1177360976
1171557234
1264543566
1255617054
162206619
903169550
606117401
1539542313
143316801
1465197185
378384772
1910494137
1381282387
934378739
1082942677
1570712932
807331970
561125015
1505753936
1460029485
345336799
192215788
16232003
1836597229
657764109
1470072743
642379436
442675491