883981348
2003432693
1283950808
2146570556
593648389
1646838900
141304001
1270214143
711186545
1697341213
910073065
481439583
689780996
1616719467
1442760106
796435203
783633371
186542802
221841590
1190076081
1240251893
101313106
1196081233
1468641712
552468657
1199715698
1706631585
1238559270
715505354
1924885690
632603994
1599486702
1780834735
1916554802
1598573610
226999477
1415910055
1739877611
1497213620
2127096600
1289735177
259803037
461052535
1979516173
1876522504
1903812641
628467728
512672227
2090355443
850309318
1702748309
1183123688
951622424
751345894
504281753
1504091081
1951061592
63429690
595166703
519083298
1988315380
1227770697
2118570000
1621666468
996841852
1569659962
1848665945
265268259
1162053925
1198395917
244881211
304305454
1458198954
705933747
136337979
1187237810
462262740
764805707
1699910038
405134536
1615115025
1255174699
1588258224
419253801
2006520593
2092539977
1923344882
1810098537
8486020
371027938
181698187
1996801400
1598798635
152784539
1470984220
448156839
1722444501
1172166517
713425098
737014778
223078786
958306310
1041320233
1681277740
1664240057
1177658212
721031903
2126502797
1942463920
273458293
384153685
1410095297
1528632992
1972411910
1829349099
1387669937
1917468239
1605210333
1050284826
1925954259
1976238271
1231983013
1775272012
1427553259
1384767552
1098772584
1875710098
959728405
123455454
441651549
1696743183
346534240
1399957859
590579768
2027811981
916714268
1768237981
601360236
895733417
1563218253
874818529
1279887103
825829902
255967873
1104815365
507695353
1643637810
874799956
2112905687
546438988
653270568
1941660310
1778422001
281058932
1221729921
1015705905
1379831516
949956372
1975434310
1503286970
1391607921
1524693845
1849821211
644082132
2115273614
1730149544
1560796400
1736027947
184026132
309046169
1151762552
1058844661
1588933272
1977592454
1314812534
546264989
337804160
810966696
1421064946
303226199
1357405684
2074335514
97402861
988344037
207910798
1319132783
2004049942
1587742314
121605507
1832000604
943545637
1513213428
1209210801
645883200
9811912
1177000767
228549096
1570608312
765545066
412575228
1879654481
1917307618
1471419889
1321104106
1747416425
638748775
1867369095
2085220585
1449715471
1140950393
240963136
659637507
1067802259
338365997
1647981544
1275713057
1657498780
1504547838
715971724
1779104287
1189064794
1659517361
1144834067
250791947
157916913
1154645979
1427792715
386466009
577770643
45854133
799041237
309941477
1963161752
122977478
1631045583
1563094529
761726253
1350931030
1500831466
63958076
344397776
1741794602
723595583
1412200035
2080160599
224093479
540429445
1590175732
1728641317
1256401169
1221796371
770222463
768434882
219146791
1021014410
926351795
1373792770
301323477
1312817804
1951563414
347177611
2111859041
114021243
162855715
87352871
1745066826
1725950244
849079124
948514208
1079298062
913037200
1292911984
673609016
1636632783
557628372
606285967
1860726262
1098057817
48978051
1441883931
206975338
1270774423
64622746
975410220
1489921214
1085637156
1901762015
716230336
1386960634
1067096171
520310102
1734138245
1031471564
634331345
1896993960
1118824435
231914523
1475460556
1967903559
1180428732
407274970
733457111
325857068
1080883986
222606246
883485440
1687169953
2083332508
1981543257
1736148005
1377732791
41034947
859438780
1442355537
1016445167
201876346
380509045
770723534
918106682
1767469679
1837819705
1438416785
1354124276
721807621
2072748130
1103634588
1840632056
157179006
431611496
1661051967
1337607738
838886466
247025430
1663464806
1919770452
469631676
399466599
1459456758
405480536
233526208
1048121115
1783213327
274561156
1907559895
1078085216
1291006323
2109436241
1458594262
2061729858
880059275
1078580293
1752065915
170992412
285220922
326389889
96256895
1388855510
19538297
253435901
1820467007
1680590265
1591043639
511869825
1927615695
1107024797
284156630
249763724
1506491396
1743613388
655244260
1740017605
644250855
290973940
2014578761
404327102
1369059156
1158101436
366279695
680169770
1072347646
1246338970
1758750064
676929914
1417331383
2043970986
1003319803
1513588278
1285342848
1022858100
1767024179
958326207
555964717
1210584170
1470196033
336096765
170125319
1754352663
585860489
1676616716
1350482403
1241104749
1269150673
1994733258
1532078689
1136245786
251576712
753654198
146863574
617856407
1433823968
1219211221
1864195377
1045090384
1896141135
1134043112
941577722
751977290
500147742
79436923
1774835390
119688273
1037763130
183316460
1330272443
360475515
519413225
1500397763
2114828178
1105273714
1029530831
1317826933
198894815
151197856
1165076543
1730973505
1287443642
1416653255
337144055
1434307216
2034509662
1770968023
506034789
1751221392
668574760
254692276
737780856
1610152482
1006669566
1237928599
1689589405
634021309
1357616872
579868888
817337769
540405668
940344403
1336750994
2040803431
907688934
294541060
922850614
78032219
493435875
1074048470
1243108763
76925732
214008464
512278370
414069787
1648315680
399304385
37554163
6866822
3042129
706128923
261559098
740822985
168797757
1268228665
1978751584
1858387163
1902249974
1188884809
290772403
572104095
1729290477
1231116806
1908855089
1622610260
2138805740
55912501
397977226
69354312
549348376
1472025696
1312463075
626274109
1686034160
1824741445
1040343896
1186866192
76562182
1077898059
1193733014
79604311
1784026982
1455292113
820427297
1952824740
576037130
651695233
1663728255
330803456
1840580042
1954500658
902907551
1422386871
1038133816
664278992
897513483
1029455909
720191493
1295490709
1098810221
1269539869
620032757
263789648
1895813978
158583269
2088531093
788674227
1345449462
17609628
1866572286
391698828
97213939
1503115621
1846990941
917641236
1308456713
275544423
1569336470
824701320
606347879
1262432864
631718330
1509255430
537336088
1669852146
26050774
1434849571
551824407
746242267
582856633
1650634628
2015782137
1202889390
1914424276
1764112467
1361472660
1855471722
405303046
559438474
1873081350
124391685
951137302
1970295289
1627507306
650644596
740452878
788480371
926189019
162305700
1613181691
1532536899
1424738564
97416373
894308681
1962074652
1767268519
920359456
1249440576
171609279
1666601723
1832297209
1822243907
1534900212
887702951
1589184536
1151529032
101691963
1297172610
1556832078
661130437
1022770312
1681223763
1612267740
845581953
1161247421
115428688
1586034831
1949727792
1041617707
1748340531
1415425835
426670958
1025595448
1512842208
1320979640
840186452
1132627080
93855448
2089627028
1304236359
1760457171
1774440589
978996618
1147873736
514659893
420697506
151919120
616351856
1717870116
1708751198
1277482294
593156780
1242491314
742266386
1438738734
256255087
857695074
877289917
58499232
1899312781
478146801
1473925067
178500092
1503742249
839283628
1499479732
196445053
1971910708
1593335180
138588434
1128663419
1206308703
1913029023
2107660037
206698791
280205268
380873896
358617911
896557125
2098744012
2067369110
26555771
544417145
1162376776
768822157
1983155879
1418631863
1626517231
712962148
1477131095
1378346364
1191108949
803572515
1556846456
547367550
1642856143
908842540
743812604
1467283203
354694072
882401038
448462974
1561002776
647946413
408639363
1767701567
928151682
789513259
2126319479
1824708807
740773624
2046204941
1851264578
1285190769
1061098069
472603087
1120863000
332246284
2099120318
1833825148
1809377380
1329983034
877450450
465466247
739345843
1424818000
2108322390
1648188383
21146956
1428121945
2002882456
903547994
1876584919
1416401584
1551494408
137740634
1036619503
332162442
927253894
1015455334
9387601
1668027518
914176627
1860652179
805734639
1975274696
185771618
1926597639
160037333
137408288
1612939139
1969414713
1467391322
342905941
287397312
59253517
1767723942
248236054
1707441901
1788870898
1676357999
1562840709
544935245
1405459270
831758645
2096429653
1543199904
1868378148
281108447
322970150
736349835
290496048
1990997668
1650526462
3664579
649248659
1478317511
189436197
428362650
1638354844
326844485
2041301790
1460285909
1794235807
236724083
1747683221
1853489325
2004448025
1995919275
1413447578
1645835276
1524793626
828804639
43286873
782769248
1660563284
2139716526
178485504
1381457784
273341325
501455655
2117807619
563837373
344969675
1620850434
567501952
994218335
951684297
756938149
1422580985
442555493
1083782634
1316399127
1902841402
730534793
1553123211
1503040975
436540470
1410087588
1351476602
1849988048
908439216
728786580
531309039
951726089
1511555828
44388675
943958967
1690041332
1425846460
1217300292
44013339
1396170431
1781137665
388983015
869537217
201155969
1383201350
1821221514
958094118
658298687
116293359
2041876752
1974697815
2019134761
624927898
1380337378
1374692088
1061468368
642941318
578685042
763972769
1551380535
1307471622
1295281808
355622976
671543802
1339670484
1299581944
214101487
618033296
369398588
258114826
2014203727
3052606
647097841
736257297
204208575
2030299191
409995163
1162302694
541114231
526288523
1056695798
368328398
397939636
1681623696
1748665776
1772631725
595608417
244123446
203833119
1359581186
1795503981
1511304742
507379346
3643310
35364896
1847049830
1303225254
249466383
317599478
1672623842
507581210
184319558
1675676448
1154679051
920576855
1879885024
1037494595
1330572018
894704070
1578608826
1856860541
1951399868
1946937224
107316530
1485539917
1548119352
1879948255
2081148334
1792242798
2083781374
1293245872
1440263132
1447602468
1800625218
1443906442
1482967365
1500191401
599648048
1732433748
1817790879
124788242
92531310
2002110437
1800464691
1247210362
775203644
1532866067
137221309
2105775663
280086489
1715830135
1815152556
84002709
1515283711
1922469086
1569542626
915919415
1654933693
1503207312
560678565
1591231420
648969536
2000941697
891350240
302111107
1297364491
226833957
1802302508
1897012539
1959267706
1472609739
2021800782
2051799016
1327236529
1674781825
1151525730
2102440173
1060164244
1288747039
2060732188
1340250733
857093526
1728401097
1424253442
224893589
1503386535
846312421
1140813004
1010836581
202036085
1701491570
454584353
851005622
1554949619
1345934593
1153116729
704830463
1572768551
807935589
454359354
1384552609
133061680
328676488
1288867977
1460298209
2003458313
292910060
1415254735
916138909
1581657099
1328503275
108905994
291266978
909420724
1533159437
516160567
265323612
231988210
1656973572
1276160193
434024295
1210981494
1730744546
1285029917
618447465
929195491
290662998
1323277928
354480394
1098598587
1777637283
1739033003
1231660268
2106313771
880417333
544474829
1962288437
1173327393
1959729564
730943698
607500844
1140749192
839849693
898767822
2050169916
225525482
1414928390
168009880
457513692
924418314
1444170073
891537987
2135399808
1027430971
29084257
606363625
1956626463
319747255
1929641554
163623209
1418345843
1559795189
1902656213
502522463
1518625312
635589898
1046997292
1333430101
1808917291
859243209
2064373800
268934487
1999992401
756739845
1167702310
1902678669
982265327
435147052
2070688550
1439779019
1359565366
1367374975
183833358
1347481526
247322299
212917615
1953845151
56465114
532664871
1736003057
220088323
1951010714
1148314598
2122744536
306049529
519456263
610850786
1353046821
1852886364
272284429
64806382
1769776516
541218917
2064798783
379032713
1708921227
1819993805
1361298040
2144068279
1743198707
653593411
1356149997
963090034
837426770
556147875
1210412333
1050344385
362509378
1266877447
1583009256
2098512436
1486965771
1386536322
1099343386
1462226659
1692585851
1618799649
2073077446
898149025
1324202366
197878227
962955407
946495234
739097144
880270543
1325527948
300534723
552780700
539342340
297119354
148495759
1192935752
1653269351
1111585793
2030362522
61933578
174514479
933223259
424442957
1441391926
368748868
375471745
780874049
1755285190
1474815131
95617061
1300387394
946131133
21210859
51052771
122849851
219089086
1014008178
1069345085
958186231
1894278721
247389385
1258720954
299575773
786731726
1555840309
448071532
1979667478
1061626012
1559657326
1862546352
1123559591
1734171805
648285963
1548002548
1028080083
1017034831
1923474293
1808954133
624836374
1250805776
1904571194
1925223768
49453261
1925782053
1976276539
172303112
2144871139
842801069
1241648198
955573722
589596143
1489037583
66811029
889171916
128285661
1622651338
1337243449
2107953139
536793702
749417127
1823015843
1660353293
336105284
323818159
1060872193
1364185367
1340852990
836862838
1025655852
1965689364
2087668615
782743398
1743429484
2137121876
561041803
1572222375
161941341
558429295
267539797
1403589539
1514003017
857135940
745143474
1580814046
1746307856
873429136
1055981736
936067657
833898627
1592775439
1685484784
509430823
1105645084
2021590068
833248982
19033630
1238291788
26618324
855896468
116463992
1992307689
796081435
899207391
1588253525
785719664
1460249194
1012992253
947661005
2018678489
1280532050
203766896
1385197859
2137667990
948910370
818528257
1736492198
1822339506
1874509994
525076208
508754486
1319801785
63077344
1018185309
277963221
2084667413
1851434291
296996851
1175475553
1878052615
1152893320
1291939545
1722876656
1948974755
43663288
1163646534
587210771
1503912483
29155139
1534871776
1375107324
1309687189
1738638672
612821535
1299871531
540065395
1431349793
888880081
214921253
1158376139
1413956289
723675739
330694276
1477033634
1741861048
608657497
1414217399
1445811691
905654349
442209304
1176380659
2058547669
1734148849
751773667
1860038776
1777812138
1915420201
299765900
1134240973
1944575340
1834637676
361864649
1106778881
1425792701
974686185
259166764
1965858096
258552330
1148046846
33295701
1416928469
414519487
756971441
1747622745
1891553121
351348841
208796594
1158286872
1797160533
1114450943
1600496176
826057544
1025514964
1187161378
1577831211
738070093
817489868
1345767765
1037835993
1951730841
1142859457
724990021
166111842
102154691
3299074
1140798027
361321455
1969157170
1399350357
1509368301
2002452872
668795178
1923887789
611940665
268934275
1667957262
963289506
477730870
678760487
612966391
1592181813
131773015
1439023935
470213130
1318934393
869371499
1208283223
2136424261
67655616
98635568
1940671454
1210515073
823625589
2106783297
1312669764
826924664
1100097676
1673991220
648598186
351964386
1035875873
503567410
1020759564
812280014
1115508075
1289693840
332753629
2078797582
1767424710
1011514116
544280325
1212122875
1143287131
1983304261
1682336005
314737877
705192112
743135580
303678490
772847728
841771148
96866297
1983362801
1665396738
56165946
1148548918
344837754
1156263622
675056490
993435940
1508228008
1710932363
1497003351
381503925
375728730
465027778
1671197765
708482359
396341712
1291138827
1719996475
940622038
355778054
715799958
776442651
2038114060
1030537835
1481634763
633765992
1334216326
106998843
1475537141
1431082623
2090361644
993450231
1487248569
1091426914
1338287985
496028543
1766483404
184240277
2004256552
1329932120
1681243628
238276829
1705660850
2146271407
1909474594
266659561
395129471
1053129773
1986656036
1335751509
1408907827
554972346
2112194160
1299538239
1585510182
1446345275
1933304232
772242860
1553344118
1261357725
55841835
1496222115
107324308
1543090404
440165381
1445612293
2039118947
59165138
1629852570
1895891851
1389097258
1163612551
2134168680
947274460
1162400310
1896159626
1213934021
1557529781
801805751
1053106409
745797643
63229931
1608078755
710508155
1362768170
1046105289
9369783
1148588754
1818348149
1562713901
262462831
1874189984
911452368
369787139
1269796740
1351617750
1815399432
1161432040
1410782888
1297768355
909840243
652396498
313897258
896525276
1599670958
1476297568
645201254
666121331
886343701
1447007006
1719227740
1632141344
1510236937
1179822847
195165852
725521459
78444489
204535635
1874110214
1896792638
1767249536
2136573045
1623498975
531218257
358876537
745812067
1882836007
26792321
1907244107
1146135247
1324560676
669600703
1798531745
1638457934
1566125979
1250719055
967271854
63843585
1916840386
1853615556
1510850591
1488584478
1338273252
873603880
520923677
1533439104
1599125340
599368166
1737974739
1325751906
348677157
1357740628
1314841303
1972176132
1888958885
1673717840
570504551
1624311244
1700510162
330265011
622962843
877587190
999865714
274010940
368561477
418508045
1524729995
1335833331
482351630
1294086733
1041965239
1993202222
635187563
232754844
719322454
1156111240
1766193948
170964146
1755479407
1356685040
1496716052
2104156564
566942020
664073708
1928849048
308417257
190307900
351869951
1932728501
1890818062
682134962
408207696
620921605
1682000676
682218636
989483082
2100508721
59464983
177832765
435376704
1353551716
1219798005
281095278
1988739279
1452552849
1000417732
997366871
1071263149
1171381879
605362630
280464541
520614283
562035546
847406561
1184687991
343400946
1155823818
1374995892
695270898
941068671
1118330306
1377405860
1349276367
1739251911
911922889
2031495003
581251345
864947962
2090959986
759084111
1300324666
1297028054
1978882116
1581419944
1138283685
1283951317
434354029
2135650557
207730818
1605735908
593529539
488195360
2126350191
1155565086
1335601921
1163554535
1498966032
343942092
391066779
46753282
1285010763
1509397085
1424159143
486803483
1101165349
188598384
370814838
1682416694
1053546346
314291177
294017157
206387365
1611319231
125415625
1787807309
602119269
1409366942
74677690
590286178
1617097761
1680413598
1183815717
2105293121
1659280142
191897155
1293411394
675351029
1690863188
1637353486
1066417808
1737616470
774880602
428331245
1014291965
1261684085
1529496594
1202890349
1632498923
1064429641
108953048
1946790100
1358446798
315340413
1410625684
1483862424
2103147722
2012744953
745745718
30341765
455547483
215359831
1710755363
1639363200
173169304
1222551857
1831260356
1466580699
1897902886
1374639896
956450537
816837046
964772718
1731331139
1245168292
1979064684
845531576
627181238
1034471385
330546852
1691610879
1143424433
129853304
902574030
1458764846
1540478988
238952806
1414428921
1405740293
984698524
1444770686
1861287776
1200058356
1008042401
1353167329
1373227660
83110611
1036944037
692324711
1981013497
264100285
1648775249
650366896
1228873003
1232622740
1895535188
1060454039
2078154317
375232778
2094925425
261217521
2066843658
1090866210
391070825
821934040
402147409
1931549814
1060886846
1816576330
1189806459
2045585370
1113863368
903610588
1098160078
2121905769
109294269
323904091
57532732
1146238306
1016228802
2038546230
1410338591
517520403
541429478
491727946
1750143144
289481018
1552181986
1680813813
664713796
1499623763
1942031334
584073806
443006325
185618511
1406007846
845153734
2117168325
319411044
514246416
1159491137
217512767
1628109784
2063101725
1315672845
1602531906
24912346
1639576936
1660064638
1171150652
508322091
1551127220
434005595
1025842494
2092556698
925733541
628501990
234554068
330431879
161832155
899267865
1830055642
2103863489
1483341671
125578320
141998353
741865870
970732054
111683030
1061276914
1484978471
1271174167
1278789681
965604607
1186792244
446978879
420652865
1211704590
2086555815
2080717504
235371594
447394258
1484361076
669377189
1473236753
1429434127
1595110731
2101738743
1663988195
1925542610
116087251
415772412
1608114605
72467092
1899114084
1733692925
214465445
493496306
556941331
326148476
1554773220
2041919802
1597322643
686079254
860040762
636631240
1133058133
1280693627
1848335830
1072130300
1213927483
2083707425
1519524559
550804912
605600966
845277664
1980239039
53228049
799532759
1496743586
1978770660
915620010
1912515999
1439401617
988087103
1664146435
1025610894
1202552548
10159093
1582552225
1528701024
1564932313
1476988380
978540020
103527919
189545494
1615171260
1236586052
1470239121
1316023442
161232705
536682957
1252247219
1680757264
1087487869
1857848186
378551280
920243260
1911076235
1178084039
269503198
1742363247
2093704050
34535549
1034281216
934307505
1698681984
2059892110
2136860053
1708841077
1494960688
1518077430
1126289743
824465420
349133802
1229817662
1014010914
1964305062
318920067
336766387
1132844856
480152772
873449344
237608428
13426388
1960937213
2095456614
391977668
733696825
1859049201
1570061707
1003200024
1453928801
1516282109
1037735573
340726369
303105966
588933910
253134832
292482372
150291339
1748095520
1810559802
1276581082
425077292
12209956
358915097
1439088206
1976515018
677835164
1775854593
961876226
1157987936
501820290
1199484654
1171414324
315273855
1147457620
1563391992
1048970681
859023174
985970051
2052170705
165468327
354768513
942422630
506194696
657874479
1531356540
759329528
950356851
1681647880
359941400
613433005
810745314
785018692
625642961
1169660411
76623250
454674331
1847495575
1852477844
1416550558
857999863
206814486
468551564
2029414187
522088341
1616009185
1445322531
1571059022
327548711
283808935
1475746079
493017038
638577448
270685062
999211734
1296451927
1802041602
1758541263
99325131
1336205834
2118482663
712758136
2146951149
756017708
1338401098
1169127912
832640958
1793075429
869139840
537635154
1062142339
1727139703
744449640
1530693904
1609070243
1266537982
999219441
906909126
690113356
1326768152
1190718061
18375788
1819785190
1829295509
289060850
671513276
978263789
2091102452
282570891
1077588920
1279824639
253569907
1790347056
1279292140
1009587615
981264506
300936404
1842228573
626856288
1170076244
232380080
1688998627
749732300
976829720
1072208883
211318895
95884054
2071428324
1118228021
785997411
1250712828
161462435
804373199
923014370
1990757944
1093434049
1594527647
821538085
1037052853
1877098538
1899127005
169393844
2130668445
1541990414
1448685984
992772412
375771272
1749622389
687517338
1002627560
772214985
919897418
544142540
1521947285
1896727138
1616351423
1733266180
1992611193
1540296100
704010554
631124956
643525280
865472989
1435498155
1566539651
708747285
381448556
1013583650
1530285371
1418501409
743198540
1281928728
1587895254
726383338
676435494
889097590
1719155750
1052206767
491236331
259189440
2054834327
1263451317
1179086858
451493219
637914954
928330349
2067844643
223697487
773457894
1460657095
927708041
1404582850
2104182375
1793181030
692597357
1523238378
354444667
1074045913
389338380
1884730038
345063674
1132536921
1019175119
1932958928
1858920259
1695610613
674572871
1430592361
600333732
1165809202
1689781802
507684412
281776871
721385012
959177631
919691826
1649715361
879538626
1143389313
275689607
192712073
2071097354
1680272457
149410801
1716794736
225386166
1672649179
2071239403
1299432079
2061987560
1808485794
1644495754
1047040833
680177265
1429971034
758477444
228304230
2104543905
41586157
828637963
1122869460
1731367959
1336322375
1404646331
305269324
148016358
176854509
1954984685
1027554985
1320243822
83190645
1220267058
1243857528
1763463102
1369677859
813168616
1988849269
894843391
736924372
1140797700
809347303
397926518
637809806
1856388136
1078103783
2067780841
467381932
1306408013
2024841098
508968089
2135045976
1000226910
92852401
1323884703
257389594
398121725
1471901062
434244103
205622762
351972399
1754487926
288813407
1572239457
850861806
2052276510
794433669
1664030423
1893642131
1689277060
253471147
886956183
351140715
651397665
1524765990
60045203
1729501448
1445063183
527427135
888425813
1322420633
1036395224
875988142
175163896
1129247625
52389197
432553490
1527369350
1524290259
866797593
1732992113
1876262658
473801871
2021805520
1301018468
1324663678
1926598382
2095452137
841210453
1672756865
1637245549
1094681600
412229401
1988386264
1746079265
1936995391
2048431467
1328097065
1234574926
428374954
69039230
409511911
1464770178
945027372
584675807
446534156
997416570
1017229297
1973903506
374223181
1884026891
1559411971
103002192
210345114
1433733844
1404020660
1535008792
1212848578
1351989149
228735597
738121796
841751050
1323417197
1150351197
682653666
922012814
939862940
583601485
102626231
26954218
1011976439
171665462
436466129
329262969
1116692834
1021141937
775797125
2114109404
2038371234
602216984
340848938
1774914477
14145307
443851130
1985259592
1447879151
1847871790
1372784736
513244082
1052377291
1601520334
1251365878
1894128341
777453883
254233427
429298359
1699466698
1194096367
1012899844
1802092929
1221050585
2024876283
1973758391
1657516714
206655604
942967578
531175003
982452730
909593334
422062590
1584669714
1250442272
49493419
1598815021
1694293402
2034753011
899210525
1394681544
1260054100
1412454607
299575187
714090786
516336837
46219880
1491544669
770570264
475518239
1043527719
1964666631
1488418083
698137001
1038233568
1365810718
524411744
548266634
1572466323
1467379322
1079441638
407435405
229489009
1501504228
1992105119
1479931281
1550997647
1443436492
1026741036
1438267011
195163369
273938932
550837463
1607617976
573514120
1264928249
2123954813
619734000
608989270
747041429
1095252240
1652516990
564224412
436186675
203170343
1602457980
1801997394
727582087
3240967
1226980069
47477762
1082682605
1634415474
276966771
436703185
1479036945
1756898052
1987700832
774989789
636155440
1278484195
970153159
910094373
1829321658
430287487
1483608493
946766259
406758653
2103342493
1555755530
1153800082
1051111085
1060788872
1718024495
1487297761
1263959215
1172998827
1141811507
1991541302
1176239794
221307928
2039019064
111438751
1855723402
168502187
548141936
1187276699
1925400240
388359121
1962266488
414072032
1666843316
784935999
1324166405
1348681327
1215223487
660291250
147963938
1621982140
616150096
1703719468
628298574
1667261181
617024692
198839421
1007075294
1880983907
1371838249
1403153
1725041562
400594395
222711081
1616576978
512033147
2078434483
1785079166
1060175083
1118227534
1562995758
1448534204
933010375
1977067790
967893873
1717946374
1153750548
169091552
785686213
1814041798
317055490
260184705
282708246
2020774959
888483280
1949969428
490316003
1087322701
809561074
223816263
311677302
810964228
1948857825
712271698
1033675309
1417951155
1224304845
964626145
1055546673
136996280
2082853679
471058783
1585530485
868380406
300642926
405940710
438843133
1454393474
575032262
1224529346
1120951624
892087752
1484714052
1403659871
765379063
225713684
1206145651
1255695067
1313036385
2015706725
1479511330
1624713688
679187305
1280885507
189501738
1712862615
551353014
1413806583
530005112
1606899688
1550802863
465375143
2077958471
988849700
1333755550
231117749
1394790410
1772598683
1685511223
1969822672
849644381
658979200
714426777
186874785
2062639071
1479805840
412588469
1121301074
588017259
1725624855
989524151
2067528589
1202854895
1668711457
1200930448
1392356633
1234090424
1752283463
658679568
1764095536
1211699503
61998783
81987031
1142174326
1050848484
1415742581
1373292076
298155246
1040857616
911319651
120494271
1890501998
1570298851
834921048
2077376783
1485454274
167243240
342481605
459271700
755260500
2068106460
1448795852
675305441
1123477707
970023661
1876235890
368350692
56630437
1481035705
1027030260
1820725973
545251560
1089029043
1902713004
1687425886
2139877527
1170971938
913234314
290549126
64345906
1824553966
411043397
1954847904
1247369169
1245964445
1884741040
585339796
1413207685
79738997
1044611496
20984537
361809
345923700
696289979
1123839516
1315947361
425042221
1492190208
1372577798
1906077926
371736820
1045820123
303845838
1460765863
801049480
1991271724
1453159743
1972021418
757022391
1743708869
2036367324
434092709
7268618
1843731581
1681461878
1253233063
1580988973
119318026
518957100
1660727970
1163929523
539941638
1661089779
1509853223
1236231617
637445647
678316937
1661273838
2129635855
2050894735
1419868116
353889027
949231211
1723713954
1814654890
1750280691
1567502030
1120330985
1574818461
177040773
716556206
1463702137
611133482
723824824
1159950070
145111713
1977057887
593455395
264429739
348531340
106699717
1428359262
888472978
1767789496
790728838
2124704595
257751495
1469045775
1638494785
239903702
1372456862
910879253
593792729
174204425
487109559
260963972
1924485116
2054611589
1381294957
1351819929
84168715
2097851164
668038419
695302197
674192340
1827988489
840413910
503766580
273960237
1104843650
852297920
380659954
385719264
1740770898
965803
1176448102
1717991845
258717298
498010229
1209002982
498621001
1870467092
2119882235
1092413730
2044671517
459508146
1353377702
1821672986
366636087
587189012
1026009267
450804802
537556528
1694047686
1146107000
1211748868
1374552528
1986520910
1715515448
1648512765
943880912
420329720
2029172719
1329600177
13616970
2030138522
358564631
1731608815
141372173
856574861
793128149
639993174
579558305
765526736
1732406904
476746174
1225034882
938300959
150935512
1591670970
1525489971
1176944780
2042475772
2063046499
723508818
1041099124
1127311719
2098061346
880136387
695343520
1599090463
1824017299
1115673240
1480779535
1006133828
1129290211
1363434409
1364698460
713415378
1504806582
73789673
1506543528
2144799756
653347978
124586616
1729723013
1130094152
1349621499
520540324
1281029665
793808821
2046030295
310490797
688800945
1961593146
1033999615
1729900070
941421217
984577314
462552809
1636764737
436184129
139086460
604954330
1916963664
1145220289
1734244541
1132914426
362435101
300176271
490237360
436224774
1806719799
487553469
1089572752
1931306416
69792834
72183256
1133444267
590333158
1353212921
1927253088
488879805
1663703718
468570385
302989303
550219686
50986807
1244410520
1534797000
513539616
733691610
1970981129
652626077
1338645940
1740461146
1797846366
925406833
725891924
12797819
1225583104
1216129284
449022593
884819256
1703682753
1538595345
668642024
1773475587
1610778601
1802086291
216325097
816507875
1581855731
705204902
332727945
2050426116
1008194205
882947631
2101412924
105121078
270260983
467468892
838812688
93758465
1120094969
29974980
1834219611
770457687
955381813
412627887
783255506
33481269
1628757171
1232278099
918300525
1184956277
623389796
1586942549
810948216
86684750
1241545192
1027273314
903192625
675917275
1732478216
1235920570
578859744
593188774
2118868202
532789020
698309852
241645537
1000257912
1537122540
335404002
2120352882
1567097520
22139965
743326921
374995685
434767852
1526582428
408476954
2063525024
611376879
1326777480
1100997653
1234766676
766236381
1911945869
1321451426
2007781574
791735535
77160403
536215201
376730104
1313080973
1115074945
969918878
1284465527
1647863965
1668228730
1526111065
500638230
1057867622
1861515067
473507464
477481494
1883655033
1216834385
852477179
170939237
595933165
1260954133
86980613
1207310045
440247965
1187978266
294593073
1206484347
952440488
1616044499
1066782273
1744176023
1693204902
1602997474
2120906127
858802227
570588772
943341357
2143267755
70969089
464086439
1521895172
571607319
1521954061
1235926591
1045114783
1999435555
972097976
114465521
704429086
1143037214
710398686
1965383220
1230017827
1917708731
258147537
270512446
64818156
1464631884
1222952934
1680862655
383930509
819645309
1226583909
1986927984
793067789
2085386137
410033108
1736409146
2081170244
481002197
53011938
1455581768
1052609517
1574965999
544024711
2097724300
1426917907
1516122688
64706173
2131346993
511676254
775104860
1949246565
1741694081
545329943
59910455
2012206527
610148100
1524542339
1087675813
143527107
1908472849
1907321123
1370111017
1747917185
552905264
1308013506
10466645
141830762
1241700102
491468842
194842700
549798222
1544078359
1769808700
1093822933
1494319012
1049242959
462461973
1559025185
1033106304
974138227
186646397
834869222
568348661
731976341
894779677
433071540
1342124441
271838368
1520747354
1485651548
32827569
1280584829
708278917
1780744754
1833490093
2016292423
1791211399
1975320855
1110508877
135196594
22679908
1660307099
1679274953
1792488608
606646385
1026110317
694247919
1069108358
437651855
1727354223
2043246586
624298252
414739797
464111599
1356274593
1309519474
897183139
550915386
1581357843
270446845
2036566935
1614185412
1551031674
597362204
1247446519
1237038119
466170980
891174270
1064875327
1576679857
1026370864
1087555235
1089503309
558162170
732560195
1696149694
1584272487
1426808114
617774404
2021924342
1006678689
513537342
498738947
1421418487
977648941
1855013540
583454313
1874832081
258445279
17328508
2145278926
147528566
1631513921
1548826953
744890770
731476792
638381424
1211061750
1622651062
1703256751
640257960
501538279
643328338
1729761269
1059700449
1375888533
1278427315
496489288
655212999
1896201719
370929983
1661891689
262255414
869668930
935826528
1239904355
577198822
1519280841
967252788
835644101
1536609350
965048067
983172667
1020639623
366391372
1728063438
1752116415
1004772796
791641540
1227283829
560545900
1431899500
1728822108
1203874238
1014177121
641038909
432279124
145120788
1137528198
1087492123
2041322508
1508458181
601900164
156094274
230643463
1537726692
1395998629
807842285
909523886
215767770
1643486387
298649588
1180815837
479175406
1319289211
1547207209
59755196
923921978
404496357
851396737
3722159
965042257
135812589
1732544268
21432848
1149989711
226099529
453711972
1295110499
1363627727
1541204095
1188949359
724602260
2143104260
1345043633
955245723
1533347304
593558615
1763088009
295387542
809326385
1259090748
594037130
1990142222
1738266154
1913326341
1389865783
1798021351
689764671
1794362140
501934440
693486831
611920750
637747029
278547451
633353598
1787736740
504646980
1087065570
935363592
1868274708
480786017
2124312951
445393320
476406629
1321872937
1400639044
2009753934
1915431552
1016243405
157657828
577274289
127850505
751694959
419932863
1866116659
517537652
1809798646
1516654362
1207302324
1456677138
2018588802
1900789155
2068597888
508852184
31852958
554467838
149105276
536499938
1641533408
1084468868
257290998
2122319426
1061298172
702684319
451242407
235687461
2103323363
313512693
3635365
972083120
471170522
580909654
1099933625
1222865481
1000842517
818566636
1740403133
663157515
187737351
800221809
2119834653
58842505
553527316
2040948894
567694689
585380274
447933084
716799966
1121880213
2089466493
1801268834
1379171211
2064302271
715083358
2081855530
368061030
950770819
2037695245
681573724
954406184
862294717
1152744246
1535315838
1962228342
228126079
388674707
633311331
1968529212
1051832222
821048682
621267374
1024183228
879891187
1174794690
917648474
1447585877
1760174965
1365581558
16902195
734571530
1307564403
1818171029
2113742741
1224383026
385770740
2048114624
1592444057
1336541559
1938326221
126534133
143464096
653137291
1279278379
1678779934
467881985
1507404458
2067454642
1101193316
1328450022
971803216
1922241998
1949717396
1995986444
654649538
977028439
766151270
2102235415
589719756
2131732829
2119137610
1324291286
1291813584
1789824991
1290550379
368712963
28112083
1191181355
1961157020
1364653643
982023929
2087691153
1508117739
1635161220
1219485884
1039414025
2103043205
579406694
959385019
1056752874
1907856716
1931188236
831511224
1710090465
1779691032
1486160762
539635256
398358655
1440912529
1129355012
382607836
1412566491
306162650
1674421420
1054907835
1596713029
2043134383
1083019918
640410737
1856807755
300189913
1622434666
1797015260
1808307652
1110112238
869017496
700238030
1065671795
1448424190
1659623049
2122424669
1208797259
1443327637
806452246
771404076
1075535022
145129360
1311039332
1473893677
1586041890
292910696
1856501513
851124733
599073346
1383439285
1906032568
48302727
1279090021
841568839
688713464
988414128
1141758752
163664482
637945741
802582757
1273776720
1506963237
1502820787
191964868
807903780
1014960188
166905889
2016701039
310804178
973358135
640621467
1386339200
1118487496
1951660799
712749229
557045738
97087847
421767094
1408170471
696161193
1805206379
1166719392
744463920
936812752
2008288231
1433177385
1925226881
1002563335
1596841867
415688974
1805146092
723134940
1922652211
1160483231
915099808
583072343
27959772
1082005697
452289734
338763950
2055363833
1092911201
1725103150
1026367681
897088352
290368731
1583413419
994176199
712135825
844100242
1690337392
369858556
2010819634
287317665
1306671309
1871624217
1720495050
1084414542
726703905
1169853269
1500103516
384366349
1892988209
1275272079
1544849581
660604369
1858344423
1572809353
1742610067
163150509
1911573303
1650490252
1256061711
1489192805
529374285
5666415
1779561536
2112787704
999842615
344213713
809404298
542696359
714072269
672740285
830014024
2020743578
396880854
403025426
957674472
1123584759
1572878696
310294340
1507951109
1318383257
1585566420
905317042
1978987627
1296427195
330642747
1574114046
1459577704
94732402
1077120650
568155767
1583925207
1606494935
573822183
1216003095
1571798991
1573664798
1560216808
233719641
2116361157
126805429
906459926
798891534
65360
1303340781
1201916960
957739832
279441892
627312008
1268034173
1787393001
1945695266
706116945
545226395
1777199245
2002544140
875869142
1203829643
1314638196
970601544
133466645
1882793964
407043103
1739961580
309132499
1623046198
1164276923
1882797297
1035779358
1397996564
1851674806
1162584788
156972843
503082692
1162650148
1460313624
1704999653
2120389980
1739755516
184828013
1240940505
1379664870
2130523279
1947057450
1924891265
1760238876
1802117942
653276760
816584871
969272491
1623878304
950051516
704582807
2030921408
542529448
1013715306
1506483958
1706806371
749028955
394779669
957319288
453220113
1557364457
1114292131
956302806
572530957
427122107
513818811
545437289
19393975
698646824
1786377795
1399058845
681686456
1585951597
1176466463
294441684
1240585892
1829743223
1111026556
62374735
1306137879
2061078072
766957542
1189575639
456123873
1780672848
548575950
15446596
382218155
943355619
972765884
835438268
353236428
2087058015
1791741074
925767385
366696474
158076237
1471204674
386090450
856723062
1110098821
1785149295
1538409518
548566771
814132110
1832851202
1789152663
496391685
796394110
1851527398
1802529565
709988535
471001292
844621556
1166112408
104190492
1393197506
1181559004
486408647
189069477
6841241
1321846915
542305905
2093899256
966104342
1468073290
313112083
1124180579
791794317
699202533
1980903641
1901893138
336868180
1371829511
302976261
1151000291
1057197066
2092128924
1647391976
1853591176
1796172674
1302437893
416096063
119690318
2147059450
1582208471
223880810
1392773308
616283828
710289457
1581842786
623125069
2032136373
2124148691
569540677
850757067
1444738334
882652760
1974937646
89049003
1581855293
1808357640
1990942141
1918723474
1032703503
146434755
922240117
2089900569
91080031
422148445
1796008098
1887252706
1724586339
64620513
2006943024
1724162141
1646828985
83340187
969451801
115629165
793629644
403810939
738754234
678282369
380475983
1308294911
1529039436
1825214317
43464024
1356493435
1914263320
1625319317
1017367427
1757721813
1396559143
2050070930
1904156568
171315612
1992487852
1995236600
593464058
1641012302
1735005658
170566749
1705632815
1594465034
1894728890
1204978152
1677805221
716697043
1320607317
323951218
1120507983
2059361551
1002233587
1500983966
1220172815
383789376
1178714635
1263636839
1740282811
945494307
741472508
610166590
555732472
2138031652
512753872
312405393
161863616
357758076
160158345
755327674
1998770378
1895164003
925894423
1556919546
1342145389
673139665
614414050
872466963
1389836709
1935021368
1196418181
362861044
1846899271
51168120
1863845010
919588438
434957496
895075997
35741629
27756659
1840570304
777214138
637923249
248819128
767762142
1150677122
561224521
929625758
1508435198
721382866
1684953433
1359721929
469063221
463364208
769157827
1811208611
1136503874
1383571877
536191926
378856935
1171109597
1732610107
741717979
870525221
1783778227
458079341
1790113659
71252076
1353155338
1825855289
99008735
1046241994
455585779
736931985
1295061122
1223347921
1887609107
1856285644
5490031
1248560657
430184862
1690443464
460798938
899248084
6324025
1229956765
562973047
1142827899
466044995
1099164973
1521684834
1637154592
684291432
115919165
360196165
320586011
573998506
2826177
391838087
1927153844
1828681466
490846823
825912190
136783597
1227778808
2120973312
1360131518
967904267
1829775308
1365621549
68981276
112476523
908581366
529780215
1011724607
914905391
1759736980
1574697654
2057733290
78298327
526378979
1431934476
1715452920
1210670411
1547853641
2075649085
1531256422
2121852147
2078475262
1923094510
1901522343
1759673080
266457685
579950885
1896456677
1494236493
553440549
1109104547
314657112
235732210
327242449
383638388
348208733
1235823815
913418603
1359933340
3245558
525671936
787147346
2060978848
603970263
1313526325
1345429676
171939535
376713088
745799669
100104973
1907969510
720168168
31096587
1683580372
474206863
1790769668
1950038057
1054157748
1539742697
1296790902
1607598297
501363597
1611448014
1843330507
828606046
1995086403
44055592
2064429861
761021358
1403988932
2067675419
1286693294
43652630
1981170619
1890663558
1357178955
1179116647
2062603093
1733892043
1924916316
15224418
1494377906
497600836
46321006
1030474630
971807699
1837090674
833029040
2025965447
1229349723
2129819942
1486080096
1730713320
1593784309
1181926956
411835718
1441387064
1225982548
328781931
54924774
482487833
248973702
1341618069
526140463
82660673
1084797979
1883319419
1261777320
999917424
1469727814
1039209988
1015141843
816622072
1536810824
1061462849
1847096703
361134875
751069875
532642095
239616674
1980419598
514978389
1725696771
1563649271
2108762698
760140079
1975484989
1402666114
1986122627
156783273
1457590889
321126812
405756975
651725310
847267276
488417649
1736523289
583103047
1750194969
588957065
2052830861
641921310
1604098908
721969286
31248486
518078109
421582341
392383362
1269147984
954224436
632000036
1102083935
1469202825
210213159
518249558
1430481876
970353238
346250899
685664342
808992218
503034172
2143255231
1130119030
908791148
647496893
1977386306
1397208797
236536534
413005705
999920118
825493600
318352919
1641841428
282108860
1040322205
1673089915
800186970
1461904546
2065473277
2069334954
268645334
549989665
1023935241
1737848159
760202825
1542184799
1020846387
1730556063
1888435699
1706510730
392064633
243986223
1702282313
1522183664
1152777371
202295559
1352086322
402502520
438832093
1765092028
1402422639
1264325693
2083444947
896780419
1546434554
976283504
422386686
199137876
290704402
340376315
120989182
559349736
890365981
1144924424
149714247
1650568806
539625575
1170560635
1233641221
280577626
729587717
1625705855
524563850
284386382
1000405871
1677341221
486681941
205008545
2079843742
925514035
1970100573
1334782733
42356080
1906061872
84079504
1588790634
734861728
506466191
1787928510
1025566130
846842506
1908917693
1584915866
1737208487
906358469
1734630114
1240293645
1445984044
757707101
326451219
1726561671
1487294818
1952157074
103641873
1771681200
805079297
1780983094
110879494
1010087842
1713343188
1036393529
832704768
900642273
1078749609
591282992
984721778
520056596
1326144721
1491187969
160501458
204227203
190546827
2069419151
1789143070
1927755315
828293972
1376289536
1020565312
126794369
2133996637
1347016531
1853356040
1473807807
1151689957
1956997913
1098005359
1956769254
1590497359
1208884853
819373449
1156356900
97794734
1652078217
2056999173
1176544344
95877561
894237303
1696600940
1422022282
237941624
1857102398
1626249486
428488452
1779037902
1267908908
208760119
459848226
496714796
1229325431
586642595
483227785
428858315
292514987
1957035592
1580548272
102029252
907557303
1389833879
1692526612
2116442157
61723680
701399864
66753243
1713801897
610915389
1243297587
1809679458
1505152693
792414879
1084218093
1743094317
502033630
562983931
24099121
133587884
1830892839
232859240
593436110
180123987
1462184672
1180078706
663351772
1891042987
1472593693
472903716
1324107611
1574622946
1380461019
566457842
1119665910
1349419528
628181522
1821065774
1416172772
194499771
284497515
511986711
2004179230
1789650208
1304401591
940913675
1385260878
1806435221
1503897606
1409359999
1940023105
1187306797
1642219240
385975567
1367430784
956920264
1566054273
2030782556
700479603
891164319
356202624
2024587214
318303617
1736663643
443561409
1437969527
938599524
1071742931
1111551653
207288648
1266242703
1396049168
719275359
1122938285
1038215729
2023676950
2063851960
275992959
1682628523
1420265918
1685352958
1475167980
460089067
1180088550
1861143548
1827519851
2137008814
1279714173
1710818759
690004769
23394844
2067021383
567108336
341698461
1656201378
1010669745
1779667988
447317254
2082412676
743735993
654605902
1201171731
2139785162
1373881262
176626368
1030517243
1250074564
92994680
1306510202
785219440
1513260598
844379512
112903772
1973349665
2024468063
1974047320
1653385868
2013993229
1106277846
1216720979
556514351
1129672690
1136258714
1123622687
1471371152
644976445
2134292432
1103555492
1092293699
2069221460
1847291486
1746899602
1122909544
1839593000
973297216
1299535912
722626595
75888132
1392530593
2029136797
861107572
758307543
726032661
974011345
584173561
603017076
800575017
90075781
469526658
1906852863
1306796761
1026041009
889041906
295571827
2180048
212929410
940548272
2136472480
1316484902
2032841972
2058210292
1016292740
1632257926
1033636188
708402092
458071494
185688453
1431028687
533959626
1578219046
1312681836
1395067199
189042941
2038714498
221594896
773216502
494247926
1022169913
863292284
963774584
781539129
22605397
1989815593
1670581035
318177224
1991995641
1883510445
1258725497
1980984473
1052511699
1144083821
1891711118
2068804440
628858099
777863658
629722884
1086929593
963552111
2060751572
1620889219
394287509
1225949760
868472770
583330451
1117180610
1090067666
1356546953
1611428537
2112237580
72355589
427719473
746293061
94960986
270051419
269390448
413138211
114563412
5417245
1671863708
2095547886
1057928944
668463881
1839775356
979249736
1297321980
470155366
1608972621
236767925
1433707478
1522240545
1857657144
1827994987
600706657
578646267
263841790
1717887268
1668713933
1620388744
1181832157
1633467865
1692744333
1609551630
232277278
1787705320
1879603049
501667726
53359883
1994166462
507084971
1725223591
1942230700
1565013916
246203824
1634522408
396780004
1543525804
2104677774
2005752625
1780293729
1390901604
1380509522
1490467225
1071412944
1981216180
2069113492
1335254734
1551619800
1590343778
808159830
585968309
1076327995
353420516
48036291
1308605274
2141125836
1927639341
1810273000
47002071
1774322155
169874324
1772225662
1569069207
1734888240
2018429486
1056107967
2131668244
1414471642
1013302093
1989937222
1047281723
256720050
1222963096
390265300
1328132994
1056695628
311895145
515904080
460831780
1902238923
1324063911
1046800089
831083270
1677484427
1094836381
2139688544
1671126615
874992074
1802477897
1718128686
501830581
1972352221
1342870700
2070899788
1559756813
1213816538
979524107
1543941409
480804532
1992826200
1386394983
1528086255
102062602
461874432
1918351555
1430195596
1518570060
82763052
1946099677
1979401841
1985001975
1122679940
878718282
668601598
652680719
1973554663
660806494
176323686
701063089
315800743
1894452372
1202893670
140669316
1089839424
1126309810
1700426129
156172314
2105833917
1096883891
636976846
1951176470
335795226
17579453
2053239072
797669658
1935931008
1335951021
168756071
2018694061
1134567050
674264
1856212388
109763342
879392546
377330338
762444061
705463562
1038136833
938767747
1406526651
1353937576
685736471
461936674
1494606893
1775575895
1588246484
1047549374
1931748209
1546596754
2144433265
421241407
1350289576
332744844
438820860
1256045000
1130414502
227268220
444512373
1299170573
98478633
1579079423
1299844837
1954691022
1688842765
31753736
184537712
303803178
737217298
1222674545
1242570925
2143743949
429128474
1928307396
458196975
1923735367
1556399643
2046443460
823801093
1340664204
1445556566
820750711
1761905611
648362494
1153495555
53242823
1904407494
136426409
280511044
201436220
1435596983
378989677
1780515643
587958172
186197051
1321874761
619711908
370734764
1625677939
1356929206
1593409309
720765217
1353189508
2022537783
501588965
1811386483
1798789502
2057988609
1710346295
475106948
1251169165
1008419213
1295857659
865591129
1656781707
301869566
918833952
1413705554
438295975
1199344996
1615141774
1873892958
1578334674
1248173769
314367483
1764531725
422564882
934079391
2135266489
2048242822
143524950
1581192151
621524391
1496714458
1456246286
1123113356
1160617293
1107552141
1033618317
723479941
1582659089
137303835
1731899154
731033100
1002894964
1241197214
1032902666
1921728916
507419120
1471198641
973590265
2122560894
1197607952
404441291
1223251015
1511975435
21489368
1645815898
298571178
9272210
1546575072
442096128
1590464361
20615815
1938810586
899226999
1143729171
951944232
2006779140
29863841
1675424173
1441954581
167167676
1259839679
25504033
1170062640
353553245
1058406699
944307908
860972365
382121693
1917898173
836049611
1579729645
174855816
2059300627
944221432
196345185
1557632877
1242792610
205617395
956724301
1684888739
1796081756
977340116
1476215677
547825107
2121069287
280676261
407120600
3449480
1956100434
1849075181
170617156
1068456466
1874579215
1340679796
1422009711
785502266
137504057
135498429
1167623959
2055402230
971548040
599869956
82774399
883365019
1544091388
279119584
293514248
639400351
484736979
1250238549
176805442
133335087
80095017
1653021119
681160194
53680657
1933697381
1088280794
57130137
1742314167
789872328
227747294
663286985
516967895
1568427090
2085296697
1302470161
1705931147
73311478
322610473
1613849730
1044859518
922480429
1696624129
1928224538
319088170
1975743713
74255138
958488521
312997044
1324493688
1135293963
446332131
1404588705
640831434
1127492325
1458269362
427045167
68289472
1515399500
21875687
858161800
1743146794
685162672
1375129695
1164090236
622975721
530116208
722537736
696287199
852726681
188903818
1741146718
1775207111
1885527947
1521887608
2094295281
1713788012
1596142746
905300154
2026785056
773152786
2040594117
325633539
30257844
533941903
1453125864
1488527206
960987071
1521415336
856443058
982862758
232093488
452106204
1668025430
1607223183
1616196441
143517504
2137339392
191250529
839804703
842582425
380154347
433467773
470305888
118198646
1955355381
417117521
1831986658
1404014480
1322417675
1711288066
29683618
1215528144
2036921605
59941462
1749470048
1342563821
1548468669
562973471
716495510
257428079
1545836229
948588998
709534284
1066378011
408328534
178247077
1209895515
398184278
369497606
2049700219
1240766703
749651953
335684344
1711072592
867850599
143556078
2128190113
552353609
1547570558
1303124141
116158027
1577254176
371168637
5595984
1637195639
2120638685
1348159805
1038180660
536128508
2064655315
1295608739
2081964737
865760666
2005143023
1000859101
1274089200
35906452
63270968
1672273478
405404058
2112971187
765556533
1155056011
301171884
329145477
2022906610
444727962
309851943
427776571
1992298520
1612976084
543934598
1422069048
1984144721
549530582
911781039
1957299759
1897690388
1949961699
345944619
1814862055
1098086791
280425709
533139073
955746166
1281284810
1807228273
991652619
1344555778
1332018103
1397056677
1310043318
2097574637
404629041
1611215202
279236466
280052003
2055943164
589088409
707828575
1900758036
54580845
1251763173
1175343436
2038725567
1801293756
2087124476
1848541678
1551500496
1889602527
47002649
1218878903
840205670
327428358
1752017977
1795951837
1608713168
1411762602
640120808
805785299
596297058
2037177485
2115828617
546388047
294322878
1579560171
825624513
574374882
1488019687
1414712923
1282203457
1241294075
1469293768
386482982
269153863
1360535687
40293090
208794691
1061593717
1591793586
2098397219
1108596367
663188842
791119241
1436024725
267723171
439587430
897254246
1679485773
1079708238
1703039545
128299183
969402076
1671384514
674687230
1263724954
1103461037
1500311744
1838099836
443997076
767541019
972819645
1685291151
89351139
1359302628
1954445014
1449886827
1399595718
15756058
363996896
843905657
2114153277
1472593263
1507094499
757788870
761134341
1774817670
1197376301
1658388587
1306819795
129600891
1213944484
1435118979
1099002967
737845350
2109806209
215244274
1841306387
1462634305
2053344110
137819815
82691676
878680108
1823110966
172042816
90499088
1630072332
1621929643
1490094806
1645828390
1985926539
186516815
1612498019
1311036155
1693611314
222803242
2072170496
1320945336
1420179543
1583075435
480281484
1549780434
649536271
1915400463
501299754
1387381621
1877723024
716544028
1081204360
1192873682
622404490
1219024175
1275565358
1501084598
894651493
1447608174
1591583686
377240177
922054169
934194845
2023068568
760497061
1120711660
1488082939
2071533216
666839327
1710886181
1996220064
1987784663
983582076
1431811851
320582499
385878863
2081348122
88499314
887178617
1321246095
1966222339
1603722645
254966807
1011612373
78643487
1473990982
139694083
1579728086
221158827
1587302258
1023828124
598399004
361872779
1958022969
473983924
1122369840
931250982
1962066864
1046419408
1598090309
1525469397
895155824
1438391324
361567826
179484027
1758973824
747446689
113348501
1847473138
1634625306
1434594596
1666211829
1090864303
1689561403
530340554
1169507790
1016068737
670034638
601752228
1237227564
109853248
1625580353
1835626569
471726027
1436119674
162126845
1594095868
219887008
2124193709
493031628
1817977317
1502179459
1388187453
1108884994
1863747285
1567671480
720375170
463710326
1681019982
420364660
2098335632
968130930
2086576490
1041716287
510208686
469433396
63740429
1526277423
1139468034
665492658
616021340
1249321282
143589363
304164261
1721047310
1579709037
466291106
1167659530
1799596046
443001168
1660691158
1470089715
1945180627
901394963
431491061
1661444264
321582796
1151866231
2125154590
2002602778
1572230892
2076006574
823250060
1511323734
970239213
1333458746
1980757130
1033979642
712252522
972741517
1699472300
1328273862
74579151
1843061663
1632438123
1795626461
1275287053
2098729229
815802343
927399451
394246749
329009854
250005518
191943728
1230404817
681496580
1853387992
1551987613
1833362811
1831058934
1407106743
1258110055
1759581860
82873156
621950141
582337425
1416331902
455223624
1616317068
2128584424
1427965141
1168305720
1309374638
1502544292
863883736
794329113
1150687106
2139170789
745574695
1966489449
919086592
1139821444
148015655
1169092110
1331765173
1378420473
1850588690
1037669517
782924438
1536467854
721244804
42547534
647094261
333343016
125420690
1269044403
915680442
1541752592
1724268027
384513862
1522853369
1004749520
1552819582
684744359
359810164
269219670
1479073473
1510497270
260906811
77164520
1329503072
1179993403
1216985964
1477518727
201601866
401267489
708455552
2052190556
1438937007
1491379991
1441174762
12698163
1533927525
2088269024
346041179
1659348215
1209829779
1261721621
1053617159
786614158
1646235483
428986880
1791363678
1051571418
1113731240
3690194
1320791088
445321065
1514187465
1581697900
522485585
696206889
614207655
1739471549
26241968
815809521
2140739039
734697521
720516430
1432192398
78593864
14207544
1444890561
1612521389
2102476568
1790931740
1124385956
1164822699
905169714
30519467
1951436857
403921549
459506348
1595316887
1455492967
1573237588
1599007082
628800408
2018558653
965710899
63014660
393560590
1661917788
677222315
2133032139
1688159756
1493031837
2126287530
275373629
66064619
1410996280
353967493
80272163
708403193
1966488882
35265084
351851286
943391190
1200087783
1257021000
973910658
1004040993
1660942549
1433417006
451874232
968951869
859170946
2050881314
1597752277
730245951
869108565
1660766937
1123806541
383542705
190505604
1109355032
2071702462
1683537441
1088158915
199592443
1749602060
351671547
553559937
1829874224
1060074741
372565171
1865139308
1411926027
1315956362
917743443
521463379
142383372
1921784436
34922280
1575800378
226175021
1003874149
287487676
129572687
454142778
1017733627
998681253
2114909715
2141540168
1382223958
157931672
1103411552
1306442772
1841469113
44086819
1506035216
1443587526
395758367
2059595153
1125978102
1455833108
284676676
843633762
720275487
1600633038
1761377205
1241738866
1743016410
1535677994
1276661146
1171333140
1761853015
133051648
1458820816
1891425702
587194426
329070795
742623307
554620494
323127315
2124847266
712552166
1426538868
1283806390
406537631
1470625687
642357958
1850125157
1866384054
554469463
828619611
1174733514
839146140
1672253373
1895009001
292295530
1286146931
989264219
2035311941
674341277
118441718
1059161433
288710644
251493366
370498602
32652698
838687792
699569397
775276006
1393308286
1022696713
752639624
2105860452
301751933
2036446014
364914436
1772377620
531320325
67555945
1491278027
1085789788
896175557
518527893
1924935928
420945282
266053247
69747811
1707092213
1255317466
2105059752
233949842
1373759184
1016737537
522660486
1625252550
1387236139
555313185
316456695
2086805537
1330589191
1709764981
962018602
2083228815
1668141786
1263770535
1972191181
2033056222
888664507
356027858
2100612167
232458886
1441817647
849304076
750986780
1219269927
1270249359
1017040027
1289017738
829857924
124873845
1246593842
1063807767
1498633030
115847732
1586468253
976401932
1503083871
2141781438
1292858627
1442405760
1324886981
855139961
256940714
1260632148
375798099
1520711249
1085339682
261370673
261892109
1441367540
214499192
494350995
735701539
1063803269
1245337775
1954971467
186568980
114894154
1096505557
1016426904
239768000
195615752
2080234671
1738401030
311463484
1519219277
567319314
1814547355
1513517067
1860177942
1109469468
690920401
567834255
1366410182
1951552549
943632354
739637784
889408583
1205003027
1001529893
183292476
1419502219
1495880888
918994015
335821840
593735016
726481834
522390820
708629170
1822987392
1538817725
948397170
2018603144
1471568748
539314552
182582980
843304377
1106633867
1997130335
209337797
819328161
959116155
900258198
1387162416
178042690
704327099
183311122
917680474
1593735683
1388314149
1919210367
1777028159
660332720
1267607607
548538526
996154561
1861342623
1275020361
1518545381
422488146
950524105
909879458
1370885316
821643601
233964559
1910199869
1004226581
1077268936
869350088
853873268
1286606733
1688678249
1812989424
39381283
928357017
1991032114
743708383
1111668139
761228940
189960418
352498640
532955659
1966988577
1012831360
1800563266
368043455
2008985921
1514422242
1643063816
1380047655
1936910388
446104273
142443465
1160312056
1267747874
376408024
923028277
124490807
1453676961
1792378365
978364076
592800046
1333572966
643869852
632181330
114446335
487418318
1375889713
1226114474
1248647258
1565850131
1578613114
1781602917
1385355060
443960827
1434682535
1753398515
305463100
801621129
1248978684
1685510755
591047869
1695082957
1827954221
1751359926
815347184
56878597
526904555
939837991
1510555558
171799273
1918202067
2103355605
1505372239
414588271
588053287
1619818575
902006589
1963943000
698449401
3170199
1382309483
129578868
1784773116
620180895
573539695
1071972004
226095762
879002795
1873593133
1475074446
417029903
317157355
1022673756
97500476
2068517281
1838020940
154379073
447938188
630375283
1664934632
619737461
401093703
1620806589
2125109701
815681974
61376228
1597444628
1717688564
2025319228
148410381
1720858763
1260145063
277989249
1358148232
1880325958
851528944
282636588
2106421720
1730531740
8746073
1434012519
77995
325903428
309202627
97578471
246937061
2147223567
251957544
694875250
630115202
1916892176
1314612711
1031208905
1390215117
1292238764
1846890880
1451591345
742199744
1417095796
1329426925
890610126
990470911
442088340
1168599375
201135495
174930650
2020128320
483772083
133868723
1603176412
492518157
1567881242
1603254407
818421585
1877083869
1700832878
1065358647
1876823788
1952790422
1760233897
359455342
1722198951
927362960
1390664248
964930420
72118077
1090071480
269038118
814317821
359683628
1598465043
1704927947
1350154539
2040553384
726043675
1551290035
68000386
598688347
2035062118
201869109
54381111
380096627
1769750351
1657635518
1198518213
1499350572
1210984748
116393212
1228690712
1016291522
1876627109
1588146055
591006825
656506421
831326655
1555937246
728624498
1921398135
1824975364
1542942320
133598115
1275956759
1100386619
1483752654
1169026495
1826430294
887559041
1237026882
277634993
775137512
1438895991
332016104
1155234139
1061162695
1989651622
206268704
413029619
1053152722
322661916
1641720332
2069444245
51805377
1082382739
512967422
708311799
1913709394
2068904668
1436936297
1687623881
1746396384
832394969
1821221996
874869496
1932781589
1157491002
2043895991
1611728235
2045050044
1133439225
1889363229
672703908
424851569
73895685
1827938047
1486014264
2063547308
2034206752
1899043883
969216382
209385020
1393280567
891176979
261190398
328179658
1404144402
969502197
94405404
1325565422
258954846
1782029285
924478159
1091349816
1455767633
1799347655
876647757
465774988
1695759998
340892344
363341384
681715576
82771925
1036045292
1106567145
156667611
716499691
445097761
72731271
603222795
196657996
1041947653
812607816
1589938564
1933124633
1073798214
1918118222
1189785387
2043300411
2012523627
367867161
154771609
1647069264
1292345320
1246121425
955353250
944209327
2122769182
1421128238
492485678
316177879
1784469622
1174201254
398949804
673031266
133284751
555617415
1389530957
578382512
628348686
1992753753
775040508
1670296340
657877921
217495424
1455937325
1731676135
2135613647
498239064
1627492898
2000653626
866106225
1782264507
1500239242
10967898
880902285
308108844
955177225
856187819
1729237082
1447662903
1172365698
1366223056
474380509
1571315503
2039254322
607665260
2126932918
1281301632
1186047772
607797957
1126571737
1961088281
130610649
1784449658
31100057
1586547974
1368642145
19230056
2084787038
848651395
2019883682
803409615
483432254
1372639277
814377513
1364334539
1680748121
1769554739
73038711
1262501556
1069733994
1245404409
481240964
1544114504
669236264
373011639
4296116
648685535
1654313271
1190343889
1256483492
633401360
1003948522
1387094141
270367370
1035048579
826158467
1639009515
1054278636
763461857
340177262
926678670
1566871472
823609516
151834299
233765338
40460408
1832582421
2003320077
113499119
947600329
925570423
1358903528
1428841293
322201279
2028139793
1801852932
326497396
529341680
1308682555
1516841285
1785825172
1942083915
373306159
1025435665
64967637
1408354738
1851594132
1703977152
315149726
467572341
2044154414
1241828397
2034443813
720280283
1393662696
120725503
760740691
1078761469
2124045580
874239810
2026361798
902132356
85659690
1307719444
1224333635
2113799483
962088728
1550831031
495657515
123287636
920188668
133999039
2065371551
1293494827
1159434704
2130339189
554365918
863545188
1686832693
869515644
1331117529
1583503460
2111344041
1218077695
156300095
1357523090
1338803198
917040786
288800911
1315365131
1791280596
167679062
70013839
1876940286
1475398506
1294347474
1843256122
290003586
697694858
191429989
413291222
1617883526
325429029
331179126
763894706
1484863733
314034667
1318260624
200925274
2000867360
40292620
1532042803
1436887172
4153014
602636850
1593187267
1361676104
1941440049
362744405
1650477015
1109321532
6541353
1818156077
1179335371
1883481640
1146070935
326199197
1579254114
1436074522
1023894055
1770684103
1849365744
494293934
2096113132
33061222
1258188640
1433493218
347095889
428965616
1634418492
200479602
469258236
1018977647
1637366774
473411250
1621614498
1083070394
1835087354
1415570899
1445814799
1338080722
377408783
1452356153
1008753151
1556744154
1188354145
7340439
1882943351
620124611
1443414961
759353759
243325066
1145297057
1253647693
191954551
1178358280
364352685
1625447769
1525454169
793318301
1112382613
1725933771
1262576537
2131360260
1215816898
1735987788
1605491110
151403644
1423591494
873578361
1597218443
614188568
1250987144
902090948
1622941720
660247650
2090445093
1630282159
395707354
563086056
926213472
1155061113
806411123
2071510529
261225158
998365674
1102385161
625577843
476329795
480355683
1418896144
1588712408
58805806
533989033
1572589020
1274622704
122493173
1030596483
1426026348
1546084668
1904174844
875761144
12789588
1007678341
1777852092
1635731308
1667925991
1720813538
1118529819
2063633345
136415946
2044743291
1071210810
942827069
1968770173
1332435968
1941192743
923671686
1958013811
270038890
1404027369
1229426307
1858751298
1462833176
1763415341
1283856671
589972232
1885908514
166969506
2015998581
1284509534
2071144350
744276077
1297299123
931339043
374644521
785546783
451781387
2095458059
1904076603
367931084
84390358
1801336246
1439141895
1027217427
1622622771
624094215
820926523
398810810
434624379
1090965413
1802838179
1664050686
802233064
1118187707
1279982379
2086089735
1708159940
1018407246
105575593
1576674873
155433132
29236295
173467302
1452732255
960575339
548111823
90795391
1412356726
496086235
1994871994
1780287810
580476593
1648724592
1071946057
1607694020
1123863716
1696040273
281136895
1522674526
2130664652
1372102309
1178029057
1647231690
26851725
148733117
779730422
2112941460
1856893057
1798137668
71033405
1286084282
1953570800
100269700
1459551584
1258819408
1060845039
2007663407
1349614799
325718117
356265994
1197003145
2106005928
936742587
698244089
1030468337
396952960
1822107805
579024962
678089855
1197298683
562205966
2050192164
227844093
61954009
2077043889
376577210
841684431
2042501701
85986619
492338451
2113535106
1372070901
298425603
66321159
684138837
1557245011
1127166198
544318596
759376162
1452884316
900584591
1956379307
1411406596
1837327178
507139749
294391285
86796490
181763906
873416248
764886346
1379062590
1435622214
667594862
1606906683
1497576223
597155104
1983483893
191777006
492173157
2069470512
684115457
458224616
1294057765
982541061
524545775
1978196602
392302424
1651711973
375031550
1151678587
957112641
1275616141
960574246
221035589
965459672
1467713995
515426875
1052256162
1649477902
1388843123
1817142508
881056844
676981689
337253723
340479879
27074265
934408827
176480124
218851271
1426581984
98466988
902966729
1884806600
1392524753
1885507790
261868727
1223237707
130326566
1913580701
1598269257
1282005153
723209694
726401751
95095752
944245284
1691861423
1562809747
1459672159
596633937
1064804001
701031634
266292798
1945860845
1378013323
603546521
138857076
1405087588
1537955348
315337200
1623938860
817053684
413804188
379421941
554376637
1806328941
117446083
816245364
882083000
247772649
582342417
332868610
1529777803
1305552112
1059270361
1624873555
102313748
603648136
1040199654
1561985907
1200282073
2105003656
115533893
1466574871
1903380853
1493547216
2070121392
2042237930
751151157
1460593092
210091482
227606369
130163129
623895671
607028310
684539766
282740964
724474393
1500785130
1164823965
972247042
2083127548
1497692575
354541197
1241196012
409479288
1979414752
1343509760
1013127424
872130759
758012019
65925849
829650767
873545912
1532500721
585547972
219609480
1455138465
480302254
970760637
768247910
690393737
1198367006
898411039
1314289408
1805395316
1582950805
1597030372
382386061
936252287
614370689
1354633104
871896187
2112063264
1709174301
2113092199
374058904
1541105406
1309118311
1387186328
265752517
2067130330
1453112178
1095403284
793192594
838129251
1680951256
1012802075
145784068
13769863
1983562712
914031978
704163600
1034446071
1812443017
2018453008
692357739
1247910174
1467999732
1074743801
36678814
2082370422
281893257
908575001
2046950038
1991067558
874183553
273525295
1384689316
35818216
1660711623
1650441833
2102948547
966340153
598361469
748657493
1804469404
131829078
1761459568
1950253473
145598941
1597538633
716801803
849762541
484501056
381761173
720731901
1176858795
1629671347
41247985
104118948
1666350161
2123618407
386012205
427441515
2023084798
229596116
1301625068
149126445
1614285432
1337443284
1809838068
1117243618
1292908183
628694574
1715605087
2041565677
285680330
1847434165
1655541597
88450155
1993033106
1105596582
805251959
695311999
1590097638
1187013132
1416043900
619472786
669200831
1457291886
723591734
188067345
1433426645
1109603940
615508860
1309027795
1339200056
1917133928
1458154240
806001840
1107093564
1120508661
1923245458
252518100
1749203235
1491366898
146600129
2034883565
1191317415
1802141726
2123333721
1036866874
760254661
781102032
1732178873
202868651
1968115164
1000739126
822341437
489832347
310547364
1545933172
677899692
1743974009
508053464
1293408552
905518157
1847253520
1063058832
216188749
505771712
22668749
1336697410
281533523
275186849
938416997
1772900421
421786978
825816915
816734188
76445056
801666988
1853601062
836699717
1582769020
1438296288
1039568369
1403400536
291551766
1861909806
1893232883
602099130
1260359330
423648928
198589491
1768412794
1717057480
1104107648
1468182666
632632665
1320296398
1973954379
655301414
509510160
108004254
930488263
1447927158
1880904675
1352275241
126260425
550155215
1428720297
927927413
256272630
117936367
363212785
1694568918
1157504736
1766613321
1986120684
871930894
1512362556
440736166
2132290225
1936011484
639325657
1753219371
1505585317
1743433306
1073918390
2138217982
916246056
900389121
646035748
1425756216
1008393375
1576524011
726199726
741814402
781315604
852460151
1291969617
62552253
1780387564
1548242247
180488620
2143600349
1095327517
1337993356
1762730022
933964553
62440603
1127608931
1374700719
47247180
916136767
2014026377
1800466551
274238436
1609976035
726901293
264972770
378738443
1627290414
911008518
1804494659
488200141
340048881
383210738
1230014543
1121364485
1235670889
374500513
1183916739
868574806
1922742760
1364405359
864691507
870586630
554915068
479937882
1804551183
617355671
1607546813
1031768255
664602851
376199932
898310984
317585754
650438369
360803371
1044487048
915411139
739541814
524293814
1826419658
396552825
1012493956
18984891
779763563
95024851
1140349377
2015434453
469525364
176782468
736525611
244784477
1541187827
1601217118
1115371107
2096102895
2081155000
772438642
565974918
1541218165
1804206897
1230577769
1917418098
555034233
1548163524
420372819
915837604
445166924
1335783958
1655379418
969460738
1014719968
2051932244
1981954694
1033704860
684212159
2076979546
26570589
552162964
399021262
203353057
1288688575
643805739
1744540884
742422046
1759176846
1693160132
676093398
384131841
111651402
69827916
40855090
1342229172
1987246014
595889324
742909048
260135185
1511726928
1188075972
1595919143
1019622699
10053062
463155464
924071295
1992007757
1496860324
1608283454
1921503655
1523430913
12962771
173041269
1726783970
1301651346
816847009
1323841206
2044073392
428540207
869517690
572683143
812672048
981169093
642511059
853527139
175914617
482273425
1449416463
918823665
742408610
813659743
2106899637
190844105
1833282442
2116952699
653999569
609870089
1961476808
3376245
70669896
1735496815
1526807158
83632667
1908538085
1106107480
1385284013
577901446
282465039
1281873758
1006441653
1151982729
1854556901
1819113702
2133151822
349584312
525157193
161582791
831857737
1974573656
1080406456
1574266347
640749751
1039822445
1765110452
326548546
1009291497
271626374
936418635
823284657
275002619
1007088531
411297825
1801809778
1090721198
172352262
760433610
328521564
750253708
1042898649
1610395322
1756695361
47397731
1317468575
1428325415
33065905
1667052887
1953482608
194648697
351426976
1780572616
1275055153
1925693323
273838720
167393951
1543320127
600387266
1176685448
1814946501
1536805901
1999970105
2089949121
396410785
263784282
1744275251
1487131983
436136544
357225213
1815653547
1186390252
1400123863
1278565221
795601966
1447521594
448550148
76443733
1480587499
2115603035
2029926342
1675236196
319546363
1663015310
802807702
97756038
1936854030
970201653
1641076166
389757648
2146887101
1308539019
1926563550
1999373558
1251004492
175490687
115674193
847796095
1662622670
551810737
1205021309
1330792570
1738200990
457661524
461874143
386319308
1905183118
910424292
462763041
1238286969
878543679
345205735
766039518
1198090043
2008221046
1568847220
1295846081
1797591428
391565225
789438599
39865429
390968678
2097977619
1966428979
242858588
1201498463
2141919666
358532781
2049294559
1657058688
910343519
1106832220
840367610
501060861
1564493744
1302241754
887380169
1322193214
65182398
1350143210
412996535
943726077
1695348946
1179036053
2141816120
1556086344
600399625
1290178554
1206194124
991964850
2079617153
1246059553
1382933528
2030111124
1065004884
1625792117
1084125940
1059440902
1984324898
985936851
569015943
747184769
2092769071
1409383553
1248245630
1509779167
564141659
2135625799
684488733
629324057
1338285362
1097485268
1573050135
886150660
129037674
1567382607
294753356
729437299
710077513
1500947480
1721402150
642211019
599523386
956852030
524838495
1664528270
435160499
1608964435
576485525
272001750
447417638
1145501468
1019186519
392703061
407401373
119948502
1902482228
971543033
108090653
439487313
1600867090
1446376015
1536972582
1026433577
185043027
1666010256
446332537
479796383
247963907
1156410050
1980743864
1969366057
1798621069
432783602
778734440
175975917
2097311872
1213894939
1784940352
526313749
1485896689
84874343
1671815217
357599561
477577404
2079216591
477548063
232575985
903275976
585638716
672063298
356659418
2032014732
61552232
1383092996
69574111
1727562488
1829425533
549370495
1975526396
838351935
382630711
1797408805
489489357
815414313
428659597
665465274
765242537
1642554537
302921978
1291556287
980967578
387796321
815887856
1338567139
865373726
747620799
1816115202
1097949711
1650896775
254270271
1770013009
2007556194
138801355
1831565242
1243165542
208375466
1411644082
925107427
757745961
1239686830
1763459362
1140376672
889611988
105465071
1955790985
1318271585
770930345
573549875
813342474
1073852324
1865106162
1794310053
1461648645
533510370
985393544
179538723
1281131170
654025099
1277488434
784544297
908295370
900017796
644616843
1047096725
584099390
1887782385
1255472191
1995743472
665406164
2013218153
1087946655
281381879
1006111177
1977558643
386846950
814418515
1148346580
1157777296
1387968390
1961689055
84145972
1105590904
1608515460
1545794617
1639101274
446425356
1725333341
772748796
1100450455
855338127
1557293094
2008745825
1755355923
54426289
908358902
191971665
1942208675
16347446
40231490
460131191
2029565599
1128178145
741513070
888193128
958253140
1128360021
1702611643
2106599720
138653669
943096385
1920805127
222799641
2048687289
1381836939
1768594258
1540304916
1828262296
1346443951
165570064
781229103
54298431
1722863158
642491281
1809654354
1777289448
1550850183
2001626020
1572014475
1567197629
2041857510
2032145666
1449279580
1022552007
626175089
189989061
1980805147
1754535110
1892600704
1939921219
1893188779
688213442
1713242699
2115988420
589417083
947595990
1737099030
2129721999
628374638
936059334
147808416
1409603742
990357765
1870671574
2052095023
652528471
1500477374
1455461558
506670843
925008201
875175540
401044705
809670220
176971472
1423596712
1435845309
366960533
1256918211
1042896771
112077590
1049355783
788601902
800291032
615114834
757106674
1389708115
1562710824
346722056
1371946467
43601815
1282781390
1519754883
1453205557
125655507
1242942809
1357816932
778183979
595936536
665794842
1284854822
1520944737
1540970382
1685899528
183131309
1717941855
962012592
1618976618
2084902388
71447156
514389741
49496330
1120802939
1302991643
849787362
1735917773
2060098317
92011830
1151144949
259336726
1463958297
1194746764
1542118116
836229532
500468673
1667773624
2079172341
1858285605
298473955
527625229
376596800
1583328777
2048569967
1917567182
1121744657
84217628
1488025389
2083757250
1703194247
1425444130
7720758
70100340
1474940460
1128523697
1373091984
177244175
716957822
1285706653
269256005
1868102771
1545043379
1733214302
915365888
939677848
421960186
1415834561
459967824
353648879
1126636519
758441779
881274109
1503233319
194286908
782360428
1273316853
1316031566
866578056
613858595
1252305168
422288655
2039302725
1260025926
492388996
1366759537
241065975
1865480980
1544003712
958023797
1003703985
1813259717
678642920
401263717
1398990371
1594008808
1340941565
1820950557
862359722
1800909389
27115789
1988996241
411867520
908389898
1344745912
606154428
1690750326
470579117
1922185994
409844734
1084437712
1027007514
832133390
976256789
139549792
1324522386
195532679
380615767
1042519718
1739536391
1338639564
2046223703
1405312461
2017282485
300003772
656819184
1463807645
1640945337
330286094
178683719
1294371078
357401883
20196312
1706238598
1265791781
1364942224
164909379
809058459
1835521342
2087095373
1218903193
772475406
966619240
2051036583
1748732196
1106169032
1228075321
1944264875
1486784800
123111391
1536317618
677940716
21851447
794146431
547739553
321855219
1450965616
2011547199
1962800557
1781251710
42747270
1109687987
2138653593
62943583
668442938
1256961726
1427885807
833352317
2066020185
1115923501
772964042
1137439730
1888398908
1739583282
1040992666
1489647456
698268667
121584339
1286428683
37569819
244695731
675262653
715510535
266547178
1469409085
1263250089
588402397
772891053
1127313640
403719306
406659115
1170060910
1513407294
397829060
1233004493
34366584
1654790786
513406653
867718901
1573327323
1629330154
1640682943
563283405
1370245414
1232782578
1604276071
712409222
1931051245
1725860411
1998837905
1968621064
1970556142
526616911
536647951
89619672
1996025996
1799898040
678022069
621433401
779728032
1081741376
1028092516
1949788943
447665022
1425921576
1035309788
482031606
933228714
1548716441
1349750507
359072389
1030562948
842949802
922355794
253324714
2075732380
379148218
965733937
1859299977
2105008629
817088194
1680437393
1928081123
1343705105
69601697
2017700795
1192247453
1869499737
548239216
1813680854
501744122
1629980592
694289722
304049417
2077645614
2120211298
1339359205
412193572
905956364
740591999
1761944079
1265028753
1771154947
457410234
39900900
2024479661
385658966
419049118
842729950
97475296
376574099
1659818145
1777912689
157171574
856039602
1847514386
27388721
2048287056
1569530476
575627937
1714484262
2071274598
58124882
261290337
227840367
2135770496
234017987
1567199572
400480421
1139974352
160307923
14940852
257519457
1931462870
472351086
297420357
1808458884
858010053
716469475
503705186
955485349
1093043574
16039683
585914390
1250215148
872079286
285945129
1277603869
772882694
1855475605
1853231807
339883308
1779266555
1911356689
601173645
2007106922
1899643537
835191633
1426822846
152640310
1975165985
1587130770
167581163
85201794
1371109992
639932249
382622152
1032085228
1497942302
1099091627
1535790415
305944003
44651554
1551830098
891858394
1294866702
276425736
1177803523
424986924
1049308430
885795480
130735083
1389191739
517578387
2042091772
1990365384
377201661
1794251661
678073369
1804024507
1946891972
505755706
1243671629
2114473135
590957501
467297974
606921736
973579653
1499383202
2104864039
2072671280
887689969
263324394
2117322834
292036420
1155182788
1264705889
568462156
185502663
1689692813
1617770587
1071298143
1820427896
859478678
1588876530
1715036020
702360414
1966078191
1361804033
1380433784
1622619051
1161212357
1886189490
718807032
1128201844
329663343
1186105006
1735123581
1303242996
538004561
1692503972
1228430629
1425694530
1955828366
1198269815
1717730950
963527507
315492056
138709459
1149030170
2005184869
1756480046
72844666
1678129117
468475076
1661721196
1245681489
1170835490
1480315740
460001875
403785626
955451143
1621214232
142491469
1674258175
601932429
472154812
712879534
189572362
1775397809
1250884095
1882076334
856344790
529094977
1690421052
2054614605
99342280
506464911
222623014
238051739
1655495082
80324235
1994531785
1728339748
1758453353
315523213
1242577296
856651194
1486358703
575409388
1316653069
1890144330
1530860531
790383654
2032635799
1057635059
1392316083
357306963
1770514593
1581888445
2132704772
873915040
1316481131
841565914
1403010017
859418535
748696872
1502352297
1365883447
971319886
1740404036
873894881
1051644121
1587452173
454750981
662613826
1902975386
1697328277
1519265021
1241850442
125254018
688434442
984511124
1656114549
1478818096
869663275
566265960
723650531
1226970238
189296905
158055328
1212191363
1063211945
1474536459
2053757277
318738315
186471347
654970501
1821090612
1552354794
1626290387
1414011001
278766027
530450861
853979526
733517008
1193064687
609471265
283361637
564846060
1851321707
408615655
1253280503
688349183
2064730205
584614951
1558012458
483512517
1308265483
637499048
672809423
1466320811
1849690411
1736021368
793373623
1755964041
2054759683
979844970
263450894
1728366648
384716116
1889741282
994894001
663482143
272708495
1848873527
1396999151
1465773182
310861144
1680360788
2030619243
14699203
2088976444
1136416098
703048386
2006223001
1721031049
113577196
342251870
881812884
751076245
1015061293
200650048
453283008
603599014
994023671
61763401
510875049
1973868641
325214296
91758049
211101109
67471930
1086652050
874583252
340180425
788041930
124098755
1805953607
1098903074
1804459543
1689089202
1113602278
1745952339
678021652
1816650664
1604691692
251569054
1930227861
1946943563
1133381938
533820458
814521208
1334031986
987103466
1418120222
180572009
1048866868
1928995272
6957002
1374081164
2020753321
218058111
1441553094
959921724
1092641363
1781733519
1747963654
1216740118
1440203478
699383080
873716014
981809033
1812985358
472184705
1659830685
1482152375
2076876398
1911399739
1264896588
1876336313
897298030
1798717046
543373873
83846368
638336864
1961494096
264418378
1687203732
1743005720
271375380
913801248
1616275393
489433492
207870694
428713469
1582074855
1989604213
29193475
651331326
1282324044
728576556
1525047340
116649429
394078266
1997232045
1776480114
1876230641
1926624795
1540396206
993643581
1655477460
290210588
644876979
51367686
374056956
1283213844
2012861782
638475334
822933928
1608383854
909850715
1736735177
1077175599
1399284207
1944605871
1505889069
833875414
1786726437
1535082544
1485206740
921566833
116175452
862770432
1038216262
510253719
712518830
667212728
239000712
491659977
60125286
1232644294
2147137438
350335874
1877521273
51021476
724392831
1013251469
2063883258
1362868165
1836185398
1524783464
125235232
1425436927
454475415
1524519439
1222559150
1960364484
210911206
861801939
1347963381
1696117946
1783368772
1464138833
411404731
674101386
1974392552
1123923561
1341314115
65909617
1615583538
1401439401
1298553911
1615237328
1751775276
1028591536
1666258804
328684459
2041843006
1582658414
1691552624
1730544756
959958230
1816787857
1008498035
1414433646
1193823648
83573537
1227314482
1404734854
945375477
427794215
953369153
581260601
1891933049
1364773884
1255361988
1718841953
341213797
449192455
1784751570
1956797335
1850631856
935821833
1424551016
1454923484
1964413370
943326172
1783607943
1858772728
378500939
1327676920
1441833836
1338459169
996981129
302848223
605409167
43321129
386421760
1832723650
1448055984
1331797237
113034217
253941489
1913057839
2004967266
1618715373
1020936179
1576325572
1959929170
1470128634
1213593494
1769242857
1173276842
1931680
1046310225
480716679
1966345050
1989636398
116840974
1677634130
220653689
1444517894
971984318
1559112858
294015375
1274832541
17038378
337336505
1661254301
1849762028
1785392489
845567891
1962796245
2039333978
611142082
1820279864
1510565703
1632078261
1249121788
1323011225
954723247
315231634
944770434
2128000089
317163314
1991080660
461233120
136024716
1833233410
578074095
1813658846
2053887099
2022591989
638159516
1465516309
169123717
1912992057
1482554687
506460222
1426762711
1184833067
144369063
124846954
1000145665
36219393
735989036
672941881
1546785096
220583649
1922063669
722312673
1175306896
89811655
1667083107
1155823337
406974970
1510680119
1617056458
542999686
1196429881
47646905
209174885
1102833332
2070238894
847334401
420865994
91878963
612842811
1903420681
598339185
2039605522
940770101
742708248
16968828
1940915766
778927641
752957864
466373999
178229089
973541513
240954020
900541762
1364761
330765675
420141222
1157188098
737740645
1930821341
626760908
1280740332
979767575
674407813
1489915217
2082600907
597163060
189765970
355983253
689042023
802608781
111920287
1287381209
694730655
1052690388
2030089457
711699483
846122506
661533451
1464657347
1312496505
839762540
290715212
1553450525
1740304303
292079973
1884216200
12961877
1449268072
474473198
1943783218
2076028980
1755213530
776067145
602953146
1097645099
711184405
1200116206
1287411069
1067167658
1889158229
2090019851
1179087945
1029055790
637266858
84294685
911661600
1348966342
930417191
1573195051
666140041
95430048
265473943
956855254
1648880573
2005778246
1248935227
1385613126
2018740123
550719651
1860086324
1815039694
479264984
1467816206
443623191
1082218130
417977657
1154807596
134850688
1705388726
74491607
2024008917
1647924929
1253579552
905581060
137708140
1337874238
1817242660
1486674482
120807781
1242954063
5330875
216237830
1508428006
962186129
1865118403
1366722605