73679278
147252331
286276514
295046413
1844044820
518923810
1366659169
1469433547
407520500
1705708297
1528799050
135391698
1641108010
641529400
128554232
1415143345
1189947517
104371621
1653679393
759751207
524594375
837585757
1321070075
1682368973
964350498
87979226
494759642
424409598
1068823197
1907556919
160946647
1142502475
2054809251
447223161
1437548889
1751370423
966146971
656724410
1073320323
1373667472
214949059
454635725
1509059170
1856057070
1096165125
1637613402
1123716767
138628994
1741985023
629912513
898380201
119095750
1467498270
71966628
1801464724
284365120
159945855
148740718
708774719
1228769052
2056297637
869721366
223787879
1963623240
1316944527
1661336768
1567510016
135607850
170577530
493346691
1509275322
385526590
947982416
870850845
94100012
2044147541
360980599
1217816779
35292887
2102965623
1847729292
933673088
74577725
1167743915
1005639716
1876042449
1452109035
1165585571
2024783167
13400106
246870975
1933597157
883121472
470658855
1749736749
52582351
2131995623
1169763117
188190202
155089506
1663109808
1697465524
540616096
463608576
420832721
634716108
360272469
781813321
1852532887
395565356
737295296
1552778532
1329238444
811873021
573038799
187394513
540431823
2025147834
1352980084
417731342
2038547941
1599851060
203844851
774185765
2070509915
1953581601
826768117
2055021890
975861070
1014958319
62627748
491487231
564940195
603243844
955095807
985772917
1237959952
1315368277
1767586238
943009192
1710933633
357397886
348304076
892688430
1169270907
921342875
1080082943
1709702730
799007061
285579379
2127434073
690071354
1885430439
183795276
1464257120
1808456706
2137376877
143541589
1715994949
965754300
1158499908
1778622697
1457241531
1723440103
234382894
264853690
561729372
1472342846
1580221967
181831962
267868390
1143671953
539229848
616172466
2036360383
1708500756
1537515341
968959678
1270719838
189038755
1254539057
1250670263
879110109
992485849
1434465540
195883581
653458907
1424358769
339425170
221970208
242629421
1497925078
2000592906
1699870952
1073881534
87492152
1964724643
1635610906
1559834998
1397462962
1817442869
1827703389
393651267
209189069
296392207
282528002
1917689825
1833907549
1251487680
1040926016
2022946304
358543090
144112631
754572765
1351028939
1578578171
950456347
2004487846
855453293
1289881517
78974407
1098082714
640322948
2079567313
650470019
1714204482
19575817
467711014
1202331740
1579410815
1865173976
872290961
1259630556
111341596
1081480031
1556022764
393869598
851686208
1242446665
1645357279
1892612224
1117909321
2003900369
2036724856
1872482086
1207445660
1467819379
675454785
1064449858
175789024
1965336303
1143424265
1273871739
458175603
1075507930
1924341758
24896437
1095083747
244569124
1227228177
527010915
2109743100
2099519139
1786641471
73601048
1033515522
1195180587
467470647
1885201730
290143604
2112827926
1630330307
1408052925
1969244647
1519571515
1133051364
1029206659
839907246
1808506149
2093656517
1015696271
1626358804
1089597135
142084362
2084534407
17621417
2066426120
2109430844
1112705165
163511596
1189175374
1639716080
125771048
1141210865
1278873903
199372097
27242739
326570843
666842744
1912444469
616714447
632187022
1395291128
2024767373
453948021
767378995
1010335089
1483154680
1607286242
671357590
1429327549
475498865
150232747
371441036
617583227
87283506
389062454
536525699
49230703
1501767619
700037295
1238406077
994000051
825808343
232133294
125390306
1025180440
259376033
451961149
1692023184
24336854
1068675597
176726558
1419627983
945959322
630674579
39523330
1956294411
2113829259
1646809572
480168353
1395673161
2122308437
630401100
1767114197
592408016
717684607
8693003
1128933715
766915310
1510460622
1828971010
2005321387
356977025
507295706
89971033
482367332
1532476146
349347066
934328481
1077015683
373683920
2003004078
1253742241
1793311903
801479752
1884416821
1832835234
610290515
1850762432
1332161158
1090458869
1098951945
1306985948
1720859969
718582495
1899393964
291060928
727275498
880844032
1057976238
90252473
562331394
915813977
447229498
1069627100
1005785010
929596830
454619599
1355132076
1863925312
1531635282
1728815997
1719445742
637893875
1374644252
373441847
374827048
1059995838
983732362
78105833
244673349
2074191231
1177057778
1551659297
1647567553
1895640273
1303569613
1938628481
475432124
36929997
849121072
565684597
599261392
1764935049
1012914095
1668888492
623236412
1942510926
2123508091
1978368488
1658952590
1507659725
1559700837
1230914684
2145553601
786861442
1604356531
372897001
1846857280
440605246
451002834
2091530629
367312829
1628060613
1495706278
2014880382
1376217238
651792244
1806025216
1851649362
688722241
507662640
269850311
1287983633
125114041
1282764407
809388478
748350453
1077791685
785412921
579235294
589260627
145588999
2138936131
1820175311
143658952
778313925
1277048195
516555953
477687558
1717653441
967558788
421734539
2084966270
448135753
1917440818
1952363005
1824352991
421749414
1610904573
1528518706
1110471655
2118567213
1798369017
250971641
96197606
933649776
1060360119
844548060
2011441461
1845773040
1423783354
453218440
1991362039
1415235837
125910104
2135020991
46066115
1402958299
504093297
523753673
973128092
1471652085
945488212
910610714
1919787838
715445382
715490071
1596657181
1137194796
178910996
977692239
100182804
149994561
628577609
351154445
246192168
1562227385
1411514564
1090740228
1426185199
1109803956
367039934
1879403639
953682348
1782275771
2005313743
941219691
1828341886
1260788394
1445312988
204611911
86432838
769481425
1150100124
997043553
541785615
1865545506
1712533624
2138442797
855256655
1891444621
968651388
955439459
2041439182
1597228997
1306593904
140147702
1011972735
570624820
1230887930
290674286
1680428776
1597927864
22594277
486627476
1232719988
2027908021
1427847168
913578226
1141212767
725676508
1118190138
1227645606
1495157934
120806614
77205511
2036943549
1986352120
1789739135
2027902698
694125127
1533700108
849070439
1649564586
1427655643
298815788
808674842
1567803345
1310788523
1379299662
651207628
1601462809
912244791
101651844
1624057087
1398872267
1334371832
1504481460
679235787
100466411
498210579
1404912296
1218656549
1725856185
752586582
1339463163
1803061696
642046483
1178331635
1445317184
522465534
1872456763
831533644
1371535973
1374537701
111705639
1670351761
35728896
1679508985
833656637
1415028558
183232965
287635798
179789701
284884809
1911692885
1578661969
1619256642
1268690697
110414108
1719723053
1766901277
1515326404
790895954
1345273814
120429338
2130359117
1000851863
762475822
1161207104
298685399
1284941356
886180219
1130219043
508993681
113234273
1241924683
31861794
148963169
773950020
865518431
1563991727
957182985
1153154230
1743781429
1242067794
917363467
1174959750
713840788
38570517
1285373858
286080193
1805471794
653216615
1076976147
1003261960
773645953
1059851616
2004113823
1536121775
73575073
155315574
673579483
959755292
1285534618
1182573164
1072989565
379975653
1214434959
1221952734
1153925673
2079953390
638460814
2111108658
1085623972
234758595
1205692804
2002987440
1409718345
1919533593
2041557957
547608555
58130138
1699546103
1200825170
1135106286
555324415
1974471124
47474254
411954591
1363109251
121049327
567270165
2036688735
1080804620
1852804783
1071778251
6310537
85296788
138729562
1228263272
1239222461
71199305
1866724086
1202847471
1156823277
2101482681
261056628
1012327069
1363717378
33106573
906401378
1911325933
91236711
458463833
964667456
1226342997
1013788249
791654932
1273817252
1425742840
7280535
1394866579
1993013005
2043969270
328187551
1698334141
968263874
334498089
1783630929
1106993436
1562761361
875369743
1178192741
1282001799
2078217214
187532371
1236000832
191790194
1199859440
452234562
224896767
2106260819
216076847
316133479
417241004
1180744303
1542476476
1431029253
1972399235
668810080
709288445
1979679771
2063676660
554817803
1876165393
244380563
105668296
696945619
578878652
1889299225
1803939056
2141640013
617185320
834648149
1276158164
547918887
1022180520
364675348
739709081
74556313
816909910
964605849
33333484
1032986758
1280739328
450574488
66247413
675732156
1881603742
2038646649
1344542237
443408539
1870842772
1260735249
998226342
1599524517
1505115812
1103894638
148986489
2083994465
845710216
1952925545
2078150830
1462895536
640090046
1206825347
2010814423
1662270567
1571500695
603039857
1736826880
240926958
1567645706
1770160364
1273913716
700901386
73251204
1340161129
1376633542
1954854946
1231324130
573692131
250779838
954683254
1834427380
1249006180
406724124
1192059545
205417171
555710613
1128570362
1051127387
361152510
1059237544
366539275
1001242556
118579243
229870051
516029475
1690079939
832909908
105372707
1931006897
253071966
1875533071
1057436965
953973352
1948784276
250114446
183123246
1756155574
1481438577
756815378
2006935412
288638183
443759110
1108457945
695362307
1635818655
1313875116
1251072920
616905369
217518855
1612225430
1676142914
584058130
465984339
1794722157
813928181
982013814
1337318448
1646838089
1087386522
1120841697
1899910055
815435945
30795014
706399759
616736573
280909461
889523006
225408500
1762348038
1646338384
84860264
2050986221
2090097494
1193318209
598864881
1578432502
359709677
1849937801
47854223
577228532
1314679584
1723997137
1161286663
1780663923
1371235647
1975214844
615194089
561070447
1474569286
1702580611
1681912145
1226995693
370532909
1712707159
1933395453
987269482
1993616620
675434811
1212677982
1608481010
174289547
1297538247
1511983584
116903393
343372808
2110848465
1695335895
703082486
1813302618
1743190119
1280311018
980498554
1319703608
294114033
613678829
543455607
121845230
1228872919
1104526055
1596414516
783969882
638954552
675926561
1154502791
204178063
461838366
2141772274
50311036
1137273177
1206966608
1658792046
1311562724
357021207
1023291982
1428466118
700394016
986656799
976318365
1403476502
652475770
572024836
536303872
1632974324
1891728445
830417906
99169506
287700404
952263136
1328042425
1392226459
401194004
2112012307
2031181011
1077120565
1119031451
87875427
1538958932
1113320077
138186463
528748461
172803037
1796978509
1840311186
529824245
672786844
1121293656
1230218261
1659443643
2097612021
486211115
164435765
522153210
1022514987
1797410090
266398007
1852932893
1896579596
554098411
657712381
1077138373
1946324871
1058906385
1041667032
1830022234
2136026951
13214835
1917897661
1527502235
1126534912
2056084124
2056250696
1299337950
1705578986
1749078234
1829162195
230882182
722888242
911896808
1890325825
673016616
1398107923
2054761591
1195169826
273139262
1704688033
1461567833
2126072156
1453783981
2015666244
636300889
383438706
1814507467
1695207275
1425105738
1497046054
1683750578
1438320574
1267460067
1063769165
417371838
1176060544
972536213
1716709788
734155882
574130800
1398388335
965038064
1297019042
162801495
707880241
1970035658
1560909418
615158184
1017721836
1834048681
172362569
331806021
1812637189
1626146550
199988618
301454430
2009585256
2014496085
1996661705
1287207347
1364058491
1532928635
578044273
484034911
449214152
995416111
1660095455
1421750366
564642252
246767689
1995881166
1963030587
1211805753
1145416560
2125832083
1919685994
967968571
1539257853
387360531
1985690407
1225822886
559723100
170012781
890976427
38386003
370001399
1192430858
2047971259
237013836
1041608915
1187694958
1601072328
427053903
1765739231
2085107239
876268055
613671695
1597719046
150534773
1178313947
1844486735
2146415939
993860886
908808840
1144348852
972209321
681011186
2112317423
363983527
1068371717
1950524182
1589806413
1628094818
2120536963
333299193
1666480821
343054714
1525730051
1566968432
580068551
419855318
607179743
33657231
846909221
225435326
2118764470
1723177277
839107021
1568999868
1873712050
2017420968
1266002955
1872644342
863798207
27328147
869509546
1836007528
708339333
834343321
52507407
1776711051
637383855
1642313821
1257322221
610437171
1975613014
776319394
953491885
1353859417
195804178
1533560436
1773714735
802983921
1567217667
473140309
1028419248
1538498489
48833938
1867526269
960014709
1922545988
1737463590
78534016
1647706682
453778149
105862163
369732580
142302029
814201497
1204075901
194809437
443428900
1841459757
1837123258
1700751121
304413280
1665252624
329586867
1257905165
871628393
525391045
643981954
497859480
1328374967
63715973
970999789
209310567
1602214463
1019833727
2076836836
414745524
794896068
1666816778
493279541
295119102
2120594927
599141704
664851683
115413309
1413343201
1868927584
310222746
1856772101
1562903693
2147346004
1410039574
1867316973
1665114980
1739626441
977738491
389259725
117533839
1621720445
887119205
1445908806
1685436418
1858118995
1655219373
1140167233
730469074
1584572561
1554912758
1525365142
1103905692
2048192299
1820484245
1077016971
499850355
337852280
1192430280
1913193557
59296216
1502653026
1622482010
1622199910
1502515382
885037937
1342033235
1020146714
477180730
172288078
1409406439
594714569
1794008523
149041997
2040623375
1331961294
2007160992
1548359100
324644879
590146418
985448014
1879557637
2115511561
2089353706
1780266288
1788512158
1018887029
132632996
2126364438
63833662
2045826553
38177006
1566486688
1520824915
1660376916
921518423
258379204
854926504
1941665137
735559935
1027214582
1203587929
1330274504
673739458
1352629926
1223414232
2005700752
1212307270
624289684
182861983
1802453688
1609737698
2062419621
1770481601
1551607756
1695202261
1411510111
423011138
1827835257
1390390901
486844800
1726178162
1428567908
2053331488
1099519430
941461176
827366263
1357898634
1796387680
621547753
2093458569
676118615
1825135682
1276249426
1349858073
1030281960
352180010
1208075177
95105582
976469694
1390937160
1897559270
438723745
1305873133
1520557224
1990331501
853591747
784583687
265858991
533943356
27490941
752703791
112637871
1456058849
658551632
1212157301
250036377
1485917895
422572287
2046424058
2107465648
368547209
575059025
1785117682
1644796635
1924917098
667915994
1996976645
985508627
763021576
825962691
228962139
513097199
1264686436
1534835273
2033654423
1107534290
240943372
670754462
1373393281
774886728
698245403
2126097073
887524599
6820604
637165057
2099681900
256856982
2123082952
374770540
155797392
2083064953
743317749
730856417
1720698987
240630736
508289867
241131334
90123733
1493798494
1004152910
916086424
1722760633
1517250109
33289213
1110112258
1403420884
1140823503
1351055630
2074175347
366733136
2125942359
624937102
345346561
865983310
631757707
982511618
818181563
888614689
958110923
1192952103
1044412081
893692228
1936269852
1775268498
466907567
29416940
136074717
708038901
119540673
1629873211
1712191812
1035627097
1205150196
1081958273
1068916310
167778807
337895510
62256165
1518834437
264587209
428989302
1497293148
889524311
774335863
215792811
1521282018
1756847482
1033974374
262413059
567474757
79442829
1306825140
1461166985
2015712681
934609990
1928074552
2045129621
1070684707
488629806
17186646
553074270
53337970
1052813743
1758224467
1135296243
2121730054
1926003274
1473191753
36502571
1297354063
1737778962
465491873
647163564
479819626
1239827737
862956375
2001101644
849191571
1896930749
116031056
1416666328
1976373578
1422856196
730349665
1844602611
209982539
510940569
1742248584
1280667246
999570375
1759435230
1833741517
1052908345
664765325
1444482336
40720941
639011731
1223001962
1513912694
675514303
372872377
1104208009
1141006176
1020035941
1584027635
233350265
1882992316
1437645631
1082541836
1632439417
1553676687
351724516
1461329347
829049236
1082074181
1158448310
1039031775
1593014751
753213246
172215373
445101478
365164828
2005956890
1498009824
1029930154
1302955578
1538730765
1668941885
378473892
905159811
196972540
751346270
2009367820
1337978717
1771382211
1445911807
1571328982
1506890880
736073791
506387171
991846649
142266830
858111687
305692349
971316066
1940185869
1464140659
2010347841
1385716972
69870258
35079567
1830818450
435035086
2041036457
1181344626
1464965240
1196508388
572591743
986423478
1574982280
1477751555
1183396018
178844902
1339635727
373891087
1950227114
638063887
1945220070
1309634346
1374137678
304123593
153997347
1516404508
1162235280
459689696
340236927
954937501
1923830356
203101120
193170825
1993700614
238180687
2023989276
281252052
131733497
1057850254
1746217293
1328241885
1630441998
585157123
755740517
960709905
1768553141
934585420
152861984
2142444229
737328886
790925871
1940180651
2046963232
17579901
96820596
53476931
1533984410
1259055876
513166628
1874221337
66509730
289513336
2077322457
259680555
135730302
168019497
136186183
416982354
299752994
1194036438
15715999
1627994879
676994788
600873122
236251748
1637704693
221942616
1170837168
1790566677
216903197
1908166054
434008901
9600200
1807645638
451588802
106420796
1861122570
1985573212
1365476672
226805550
1712310901
1431986402
516318886
1642149711
1691666958
652049188
1810169208
1827853141
1069031542
2109922202
874405931
1084747542
1590433433
1551400719
1685620664
1826685181
1041621764
1907563280
850038702
684704794
2124466477
610721108
1118713695
2134066677
270883099
1570302497
93003825
2132005669
1408392062
1458480498
211327571
973219315
742983252
727646457
467885378
287166562
1379695645
130570938
2115019704
301243539
93009492
841941987
1385991081
1683442925
245859059
924128098
1362644459
1287480823
684207730
65199513
1972185617
661190560
675920621
943415664
647773589
946803720
366234514
740777415
931325741
1774626576
51774265
1142653312
600362243
794757517
1870299769
1068247622
1081924080
1102511766
1198818560
1049460136
1403755306
1291828053
1891402123
642262739
827787330
2137261182
1566390837
42948141
1277258358
103114920
108147654
1101960327
764305480
784068276
2045375992
1412079069
1730871996
264126858
5372836
514714090
2038753434
57147101
1657367402
491632029
851904619
1380183524
1559879651
1933828699
335211642
611214564
835805187
1738966948
1903042617
579723662
233746040
583346299
569501197
1800136877
626294441
1846759555
1903251797
734442095
801236234
520073629
1518510371
699128578
1932152699
1101898720
963255436
1937525535
1616612810
854525222
1994672637
1126496564
1346157252
699093608
359196440
758553255
485438659
694408083
1369767819
1321243846
285891383
1125326788
1900967508
519637423
1708673088
322985057
172290653
187483881
22260964
2075542450
921925976
823497199
448132432
292952700
1522625777
232801483
1394851420
338397566
22843370
863980582
1192922788
2017516007
1990477146
391596392
569125967
202189939
1150149648
1054564626
896598022
372433819
228324824
1182489405
1497760608
2129292333
1702126829
1058950048
304793742
1874417482
1246433929
327054707
1802476284
20876257
1150551906
103125068
313828957
525694035
335926551
1708680377
864091601
358769922
425177311
2057014390
228802281
268170810
301127134
797928249
470360749
1451276782
1852492875
1366958771
1823710602
2080817700
401964528
1173987562
2062626385
2104091357
85453962
219936479
1831025191
1331887891
546991186
1486017828
1352764148
1697543092
1589142896
1666593106
75753480
1925069448
1227789835
939845081
136355722
1652967147
849375823
365158003
1921137957
1150502958
1163086252
244015058
454296092
868095480
1610973829
130523046
801429532
2012938357
1304510608
716572269
1969546067
1389964570
936508748
1653087610
574368813
1483499935
991621790
1927132962
1033559379
433281039
1446242420
1109312859
210866839
526548607
2049157941
347222561
32032106
751050116
712380564
1953170063
1901553074
1875466817
49701473
208365519
596078649
1660675302
338888565
1397508181
1526130012
1643399174
2114080450
1348192431
885880096
903105550
853796393
1460248910
239121837
1845418184
1239898224
1272681217
131215575
538656996
234510428
342082414
1065205603
136184721
689304975
1097237710
887234838
1401685539
902924125
641304264
1129668708
952625599
849669783
1725747357
465817253
1188558349
975771890
1991947265
684473875
942368692
1192656048
1570353971
1845474243
2046452442
883119233
2084596080
1744386978
2123017457
1209793649
1875602553
514190805
1444304078
70201319
1579396409
1580488799
759506294
529150471
320239989
13708185
1432074596
961544254
1143376894
237216547
1811214037
721640603
703033801
852288738
1697412494
547497418
1536762613
492297538
1740153467
959632937
190288133
1639122261
1842752170
127400566
1236025591
1818285980
1337194215
964144496
184993137
634014645
1034345815
1764389546
67019797
1793852109
146056369
387259786
1807560294
1578130966
1348804040
803453540
1815347513
1012534430
1525094144
370897666
1864823168
1075022990
918395085
1254102134
1567320528
511064904
66251423
1757608662
2703517
1909003593
1885009228
1238729108
1579805925
1074719795
55389956
1764799063
1708734441
1089735771
1381704961
1775754238
736104232
1527761331
15530376
396180878
958408649
1364334417
1199634419
626272514
229385199
577244915
997170181
2094208367
1652267905
1915565266
1200826853
1072104785
279146522
1267078276
682229799
281850039
1028598222
419755379
1520579147
460920499
1494475175
1575969103
78235914
1055725968
518221226
1459940876
683996558
1254325458
840218559
699526934
1650506336
1798627208
2063861351
702657107
277416074
145762902
1279902022
1274586255
92487622
784686279
1042667873
1293314475
1856791065
1321814395
412909104
391537216
1603664434
1441507326
811292596
976759933
1902427825
158284123
405245388
1980663740
1214010091
923466614
1293120968
1898006649
30308424
2133339527
450049935
1680814761
1784483087
366427639
235988220
2061899161
512190541
1515890243
1189001769
604678163
153092874
84185994
1897992639
2009883939
1406000390
163418095
253937508
862181176
1604925421
1065230104
1838941110
1359869598
1223514227
96702850
1193049690
290040670
1020169465
338687010
40563671
1050477889
324542889
490613606
583809002
2109025976
857041245
819797223
2023441490
1369231787
188203818
1064959611
1973909950
341296692
1149145605
1724418941
203696984
407662347
1887837036
457634492
1269843524
1345278809
1522864596
961300986
557664760
598895175
1058003836
1750714450
888935845
2078173301
2089401461
929499516
981167543
266460702
1420113122
1564976545
228003031
129670720
237290120
103960873
1498902507
425493938
1168920484
1325328809
766790631
170582441
902264103
970487615
578244789
642617491
1428122107
1848088313
1987896301
803503055
661905651
398077413
1402398230
1719909487
1308215
143850427
1650599141
2090709676
1073349943
484283036
209686731
345979417
2049259581
437689762
475650137
139066054
541650635
1974552644
564559992
1710571119
1152397806
1331350623
1881153560
2054661909
154354590
311914701
549795752
1582476697
12519366
390208405
238496104
674425017
788285818
1640894334
246850857
789594034
1784744761
1897449998
732820062
710611056
234249386
942506793
1056590474
136025319
1380196555
1532240611
275091373
1921847190
1359309608
839651366
1484934661
364223766
23518341
1218604574
271402027
177872932
1530519275
821197779
1760349629
1543038642
1211406185
1998845734
69980011
1999692003
1492256420
316830868
641802389
1129517534
66797218
1374622452
1840128590
301046604
169645597
749235416
437071924
1549842153
133992380
712163297
1324205695
1493301988
1551814663
661656709
1857525754
1575333005
1880261283
2128927781
1753205937
1263296910
802641912
1366071918
658851904
2014048097
1217434004
728831916
1866256453
562206777
1045662784
360575194
1691724311
1112460003
1735197646
1384369253
1413506607
1904843244
2133604670
1850578531
1307201749
120113402
415258181
483923796
1613415390
1967072844
1145580505
1323457496
1394922201
878358140
1304901629
1000644490
2141655051
2107543541
219232761
653023307
1974107991
1436666765
1381855223
1692880796
1998873542
280034360
2053455990
1543114205
1392494363
1641169989
779999811
658517322
1398529585
766120833
361612206
558247686
886234235
776870387
1042171482
352165977
596459583
40268340
1675623473
1991381785
918626480
833041454
844542627
912797883
793101347
1063775388
1565821191
619725690
352958506
800192766
165122838
204348400
1080227126
71095181
1747462606
325237841
1712265170
379978769
983755164
963311107
1146099602
1345367370
1521558793
2032333837
2122237757
416246627
237016166
571213692
456514967
1912639639
415111829
1375141448
598197445
1259654457
140455683
1391298792
175946197
1706276874
2011024483
528904703
358985993
28663673
733253104
1439213119
99758854
333232062
1764450961
1812024024
713210831
600722477
627851483
1859310433
1946089847
1926628
1744160622
1920843956
418173256
1981176788
344574000
874688223
1746332779
759685830
102346023
197046576
2019340287
242801707
1588345368
47802836
1949078581
1451886203
576707540
160580926
1480549877
1309960644
1599794046
1580308731
1643192706
1216761359
1244849108
208919889
1817483836
1872700591
2068230322
1616090035
1874627220
1664907296
1389450343
145316828
1498600436
1734024343
1020005051
1097449567
346226525
1122351075
1294496143
218083164
1365152782
735357863
265886001
1166747715
39760419
842593541
1327328642
1520310296
5070537
779639040
953135379
1648263243
1996400399
50500839
1857183132
1666400587
1923201431
1777929806
1135006974
1650345003
1295353454
376973669
1795661831
646470242
2110998012
668183234
1743919809
309740890
1790534309
890932304
527824054
1008203443
1626290167
793710055
27467511
1666050586
1636303596
1354796153
1038877234
1641374133
2134435193
1992012614
1142153728
1983351944
2042513453
851853212
1502268883
1818231236
482299370
489792209
1321092591
1777652824
866765878
969270774
276639418
830280242
1637454009
2020559227
1140021132
1280504670
764007883
1667845187
141224466
242814403
314071594
168691977
1908864989
1950375191
1523488130
800258576
1444265676
1510439675
644787542
438935757
1346307971
539817347
1290788969
701093206
210564936
1773088340
1190885415
1531657527
1403257516
2057651293
353444654
1679896935
740447887
1990898663
1552972514
1880469020
1123919685
169496750
1400830559
1265144151
412311153
1714902153
1433836128
173692494
1517793696
809840610
973951070
814575725
172796637
1618738612
1253511482
1519104608
11072312
396816803
72714166
221637248
22421495
1263599581
1753294775
1425679012
1173767226
2106739429
958092299
1914215114
1950154444
363581165
1647200486
926590482
533077915
900547397
44250985
945389068
467965902
1478087114
1119081563
1985759599
140444076
2093032633
652851676
313240714
1564287598
1906363158
1832345322
1575359910
155696313
1905059489
1796997158
178117809
1021175422
1402808285
1603796821
47459001
1362064067
414405472
1961674115
1164734863
777986637
1461390953
2091325345
1311064553
214454702
2135576331
108969973
682420604
1466179797
1228051536
520696555
1606623873
1173600522
1173548231
1919864587
590404472
932427741
1604726262
18280734
1088124055
1362302103
1815277892
1266241864
235993877
1070602529
722555037
283452878
285182948
1136960509
97643345
1449917812
1914947146
1559034298
1393759509
1078528051
1773489000
1381852192
1187498025
308425957
700548341
268065913
829122512
159688567
1441666435
2002670744
2079553154
2032070907
787614837
1536795768
2050351641
1875738892
751614223
1718145885
994497108
987608101
641264767
1717052145
1271060979
926447715
706529006
1368704325
228881879
473992505
780254975
1622641389
1552520556
406260328
857009933
592534933
714686285
1557558275
860600847
1543808797
1717246842
154783634
1398995893
1649316348
39370894
39127083
1038628469
2089722535
1914865975
1790242692
1660384773
761879436
630367145
154165892
331447933
1901428125
1080613607
1037976940
1122648802
1309495487
1511969445
1902903777
784653228
917006353
161680457
1641663161
1509541287
876366742
1051737788
222658486
272691892
621500982
377442120
1671687785
123333683
416813014
1710814868
1161962152
359051902
1478197196
804721196
2019436675
92592984
1435088342
26118919
424040917
1189032819
1106732526
1462017857
164197973
268744365
826503654
2067101750
1053397593
1743510008
81298560
547577107
1105567647
957665302
1599314895
1328226133
1230357194
73332230
1705668253
754561332
196665913
2122481268
317892552
1358628065
334049522
1796089748
15865613
206002549
1888682732
1450953955
232121468
165240002
492503126
1338853994
1627257859
656701099
1607598360
306277866
576319202
513512305
2049787874
657617762
1061089412
1007871873
1615283064
512920660
188614358
698156611
586252890
1894282611
1452717943
782918803
1869280231
1770610495
2141546868
55846105
1419216596
9928833
261848654
1160415680
1460882789
493970122
1325655682
1953385915
1832824117
805429894
462603367
1292938829
1111707760
1038922569
1806451134
1014011986
1696540331
720056899
2021883859
1164339747
1232977559
63014569
1862496358
1819230449
1957297180
1167730653
454665604
1679093764
790857501
448728824
1734939869
62590449
458657657
1996788524
1223006129
1919540446
343274998
401178164
1725442714
28615467
1206608058
40562433
1321554296
170832170
1079485002
980521783
1184844156
628541685
1700578682
1059244367
1792881432
786072593
1122258936
1507894143
457819394
932072468
528141148
912484998
463682584
1318998649
1361213822
51138806
1381589098
1819871479
2047927330
457111580
1591928278
243718680
858289744
1169887344
272334148
2064897802
1210449777
1593888444
88246324
142451131
426926579
1273090480
770992816
2127505261
184851199
416390600
766094206
1307110135
1924284743
1223913600
91698955
304942244
2136398598
555381540
1623940893
1350128772
606520346
858046344
1022516604
506964028
1315157924
466961234
750682708
25964020
1636848578
1023016856
2090861822
699814707
469421653
31624498
842265838
896348232
1304714978
1613258654
876369846
1489566177
2029649254
1642464052
649192664
1806450350
718894005
740891619
2111392594
707808955
1296273159
1587849839
2057937728
1902793505
298412535
932970684
262273885
1613570459
1399931918
1012956594
1639534479
889296848
2035973450
1582912653
1589111555
357911455
1614537151
283893745
1254259688
771768481
1897152399
2130629534
113851010
1779318005
1625609938
763043674
1438284707
197020295
1503935294
1402193653
904829251
652724805
842559845
815283331
408034663
1140972380
1748254015
670308548
607059192
1000702285
1683265142
99110023
1889999133
1571754945
1682022677
1331627040
1929666400
1149076180
1615520785
1036442440
1920844662
1365189536
1019588326
2034695672
997023893
497714617
650255699
287824953
694734912
6707345
1690018606
1599564163
659432150
385094803
267363846
1067466813
1526067184
2015617861
1737775362
2133126376
868836498
1273556856
84752751
611351983
697828153
1766775428
1942979023
480010906
768367961
1411016160
1516453346
541728975
628722048
388558025
428940999
1625745942
886272642
1079196698
1913570895
1581007554
1085904043
1456105853
1033088070
1745336194
1841200657
1300451916
665319359
1219784193
1168586130
255611073
1205426921
2037422628
1529167930
1290179672
501290964
79512435
909471453
296786339
559523341
1677839414
1707802500
2075976688
72084741
189040900
317051065
501025740
1814786842
1203323707
1580222439
1580874089
636847613
518642834
889496295
1669935683
116495380
583213304
822903952
781814740
1802997497
1991490082
1037425813
860940770
1881429062
419110095
3636794
235236378
498622531
913108247
532022718
1058145872
443464013
92341570
986638912
515548754
281382470
1303689977
1016574495
2096169313
359530036
449313286
1529559754
996377650
967956120
271572401
518829685
1084451501
854785705
1341733637
1866266241
510299554
1185740071
756208406
1371240324
919685486
1175318502
1374877119
1154921864
1673941033
140501718
1686944582
584603257
583965732
1779286152
1571242170
1099514486
2060668623
727448499
2116088981
2009354288
1086978536
417918619
1391430394
2083356186
1385874740
1663002796
454702223
322842593
370304853
1796435861
41625186
880604408
834692284
797833592
104361084
1754377770
1973152094
1479238203
761815987
1499609479
1619739922
301276921
2084212737
56222006
2080563074
1507971259
1155736492
1993748049
87936110
1124341826
1855618689
1174914646
1542260445
1099565435
1110787184
780651537
615084583
1565489408
1103494130
985389437
1214441621
1145119316
1865993845
2049133905
1942952909
1970354929
1656028028
1768621355
1302109485
270360367
1120747187
774365759
571637288
1057476276
830587765
504716714
417963887
1986324257
350981115
505899997
963182435
59116156
1680814644
357959233
1158681592
644118180
1138610770
1773766175
62123940
94621253
611671964
1276565561
1239740569
330182161
1178215819
1035209830
153053443
686760199
656347538
1455162928
957120566
1777094725
82045039
1528757854
687087353
912632804
2033474569
1105051240
751473413
236972036
1610951237
1714655849
296088193
1144282233
2072615082
1454769785
1788400414
1063742204
1081052312
1850524354
1158363457
1692724277
979606268
250620379
2022906438
10338439
1285830209
28476233
697098638
1942177747
1483639161
1654219204
1571788824
1565684200
1035493410
111392529
330833356
921484331
1216443769
1082306770
1158456368
679911359
649478971
1454544561
1824193592
574610405
761830698
1465110358
1638352609
1842883010
1168151065
649232419
1388123639
273685
899852798
1263546430
10612124
38199359
1292022663
707710762
1980377107
628178177
214446318
1404682283
46378729
1249939728
1516074813
377212086
23940412
585034934
1459518856
1182396780
1264946293
2108997827
489457693
941656238
536124584
1251288391
259282948
26993545
946687753
1427434013
676225964
187327745
1427707698
1576078762
1450874175
1438319822
1614278122
595413190
2146030584
1447171581
1223591367
212993254
704370216
1269970097
1462932983
72961381
1647182183
1486873395
657996316
959217391
521786527
1922942609
920731570
1011244220
717115199
1456856154
115048963
976398148
1483849699
1061736716
256348513
12592016
1249064461
1684056212
1588670778
552454988
974892386
1055465252
1147868179
973439323
355153185
223975898
1186432577
1059523402
1493945995
501881912
1132484783
993644530
1988755307
1790481099
1952861921
363058186
1565940061
726109843
1374302406
135571612
35482349
1489351369
1111969760
1519332049
403604438
1368318274
1531924065
1652668899
904890838
973111195
57640240
1879783224
2028576448
1205508419
705738899
236245985
1429484317
1892171477
1295769387
775946665
246569741
280770523
1769591195
87841401
2071251622
1574969469
450899587
1489708035
153595664
1825201994
1625279648
189078014
1167069715
589765760
1708410063
1570674153
1958084034
1092850480
1075859405
715491224
2065961675
1133499645
447790801
1947054475
191524416
1153529700
35816813
1621008733
898217529
1331586200
249471750
1144787271
1612356723
2019062946
1232628672
1536124698
1446548767
1683528259
878349085
1600144431
1361246605
356145085
1789222445
380832673
945910846
1350148860
1951506826
756511232
295515692
879882583
1472002457
213993720
2013382228
1919793258
13564547
57422996
925839310
49381360
1678431730
1824056840
1380967561
1927903480
821360463
845840636
1799482778
2053989135
234481686
1098547897
1590033746
1112830772
551208681
803796704
1468975857
192947478
1184629377
267403055
1543096339
988652555
1023914288
1838612031
1868535139
348433097
2052605751
1734433719
120742707
2066170299
1791856716
1046582017
2115551659
1322804798
723155209
1349035572
1103224630
1544515672
47392561
755223761
1451021159
281874247
1853771658
893571258
1394705019
257496691
1697367962
716197229
450444170
734513691
983600284
1993540509
1723166246
2007514572
1684668892
1444217737
208464021
1589790996
1031167809
329206728
1508477647
675540877
1375788746
1476545658
1998345675
2098943955
678097583
954086657
1495975980
725490144
1709310418
799513491
1007364391
1415598429
1693084749
254585763
1673095120
1242969063
970782992
2123539290
1977482754
1954383276
1969596151
1553165353
1814414201
1506781396
849899442
2022878222
949088744
1881067251
204601303
310082743
409124480
1580390049
1786628401
259986507
1531850356
317242336
1214073165
880342688
1042732480
775899935
1679856180
2050096872
44014716
1225457281
157198987
1717109837
320942697
1127981979
1693165479
150941803
934881607
1515277983
1704107156
601812160
874575731
406522951
477206735
1823664475
140106554
681808038
2133747218
549231035
114714439
1772891971
809217542
1646564795
2090134308
2023290707
379423836
985383140
651706995
2059280016
887996364
695721711
1137253649
1045195351
265347900
1458196346
25693682
1958513380
1609138150
960575290
1326307715
1165761658
1562387450
53399798
1572284609
2039594185
1877064273
1712391164
573918575
1863327843
114138551
688633014
1488736166
923356093
187714162
1431386826
799163153
567137998
269286319
1450870148
478934366
1157282683
2146591859
1616188015
54994387
264456112
926900714
80688069
75485844
388555216
1041263359
1401793559
1554316874
456167162
1455193357
979117836
348277699
1184773982
544025352
922196275
900618177
658163903
1610829289
241870695
1581519996
1798543451
1673257522
233199501
218197801
1942543841
1684069649
697132167
952342876
1683177861
165836535
1007337263
1947633973
1092737249
1088025333
2023119817
1481292465
2129288692
1277429728
888125691
437972206
585139437
1867243527
786249906
1769913419
263785231
1708446181
523047948
921949134
1171791822
764918643
355985483
822851626
290692517
589184984
1041049427
85752710
125770986
1738181595
1038095587
1808948847
1904018130
2045432850
1609099172
849271731
985974535
1484735341
183080548
967779580
614681421
1071206239
1405751786
1199820858
790966119
44518044
822250629
1054751350
1752964225
1345298577
1976700485
777272400
2110217220
185202320
1600124026
253426090
774387304
493689805
339178800
900158290
84387752
1377274387
561623489
1988405882
1275223590
23239013
690193965
113714477
1507974354
873274513
1081494057
2122655775
1944480753
339762196
1174992985
587963224
384280240
1997243614
1642714574
2137244466
1195058543
1471931411
767033218
1157792116
1657133731
219673596
1411218206
284037388
713363401
1750397006
1184195678
797751154
980187746
1745819168
638673388
107927688
1769058181
1328867354
221642165
1129548888
54658219
1303136223
1104721015
1999138972
1642898419
132230353
439618548
2027178659
2129473967
2082333123
2016939477
1177048863
1406780886
636489047
187357331
916430970
856162643
1598575537
1200468358
1569526045
1201488895
237180388
219793551
34192993
1982999556
858466939
142120681
1604574090
39850645
363762847
586639330
94508865
1666899070
1691360345
2093647837
1162313841
1823590698
385782738
1042008852
1805581018
320632213
911464682
835146233
1727413099
1547953729
1022503564
496360421
256632725
473595453
1696828779
1826158770
1675084348
1934009168
2045952321
1709277342
1769525076
756935612
1851398023
1226615518
796786258
67677222
1813254848
891295123
1734576292
1357131546
837459312
749406485
1033238596
1223242050
1791415338
691335966
1543874263
555396372
1526482199
1123803715
2103350101
401502115
1620164136
212499178
875097568
1169509268
2038657948
402698269
956034788
1937126621
2111975611
578076216
546578586
1815889986
1804691735
1343364844
1883567209
1470462935
87176319
1470659853
680110833
924635631
72582691
1713349430
394034
1863998029
257201748
1544268297
271910753
1783683948
520588364
227777206
37702415
2140752501
440276385
912799984
1162778121
331450685
1315498253
2118812909
121093659
1279990216
549405477
667672245
948396554
206613564
2011037089
684480115
1677076500
2098213408
7656321
209703685
875365391
80239012
1923053115
875759425
1944237041
32771216
272544075
68664146
1816455164
793132439
296441352
1854157579
786401292
736717737
619473915
1949179413
1068168423
1934972168
1920508674
1189262082
1067478736
322430504
1856934327
2015875291
529044068
1720487768
552871758
58636920
1671217528
560528079
268340606
399099271
640767091
43910073
1274858697
437520484
76681289
1547402772
506184630
1893136453
193051563
802625983
1599810385
979452856
1539343720
71800652
781148621
460028495
2006772821
554173648
1649290577
926767909
876604152
1358741256
795159552
1405648220
931745376
1348031311
1464285141
455479256
1908559390
1732625747
854578528
401842834
1776535820
2129437225
839363318
1853217110
1529356349
1345547949
1598869915
1722407912
690284
1051196652
554377120
1540034004
1122997305
1335525742
2000062500
982286478
1889699390
1501869429
1909054387
618819894
713127038
556730292
2024468114
1644872414
1904761603
1341269607
2100351671
1665837345
926411706
807446551
2067680179
555463879
789400128
759559850
261197341
171272829
2105107799
1860067256
1893680741
2105798083
763780261
300574214
1498348439
1886777566
1636099956
1350927291
721580396
1378315698
705313073
483151135
1997135592
1418440111
1039881427
1874120058
915828877
797159382
1067906018
868696900
315513080
1994317724
1676143451
235709611
402297955
318059931
995269461
663495296
489332760
952893612
376078905
235529854
911208047
1139859166
536104068
262072839
879153084
24720376
1613000130
1600733480
1403036074
170829555
2083884615
1252688018
1589269666
976282395
979324428
357614896
1773441777
2047230446
1226311796
2088954857
1894064523
754971600
177180821
148878830
1073031531
1172450282
812374127
1562364292
2125343895
1188453032
1797894146
889068294
180828550
186514566
1151141133
1059981634
211234942
616657616
513231466
1614271016
787487171
449632433
719475386
229273190
1425914828
1698799814
586888086
1051872958
1598546613
1813199882
993344167
1345127488
420687834
1170524988
1494006318
1493719366
195491623
158896797
908600010
173351870
1347349829
559010508
1062420164
1528178379
745525074
66077650
440676365
956760016
682735266
953907831
423547384
1470222437
1403540265
1143022770
1699495627
681971445
694338936
138900065
1733844403
145401901
1952099948
579704923
1490529389
225304134
1750229911
837052060
1719023500
1945721534
995948857
480139862
2119073404
195815039
1039150370
1034009921
1723993418
1784675444
1100087571
17186136
593951812
1782822837
971093967
1017499196
1105561626
227150584
13038318
657573606
909122030
707377255
796473671
495482785
852779156
601089971
1075187708
195824898
826394106
677933972
1032876958
397933958
476171858
2028825815
878073821
447761615
77157206
1917224191
1481771536
1801150625
1554415988
434375459
1818336761
884152
69714648
641947080
1018383349
1175276274
869097665
1031421667
1832849880
1778219695
1738798922
481839904
126218832
444094431
1082929875
1201406541
639919329
1909323981
1879340513
1672796287
159774292
208028723
1554138454
1037848113
655790338
1631295661
807588656
2137561874
1284962638
214520996
424453685
955815751
215405149
494168333
1597762831
1233788498
1669444608
319376848
117726517
1354810840
2097596543
1856525440
1836650744
76331728
153136223
772096972
1277738269
793055552
533937305
1009595134
318368191
693711597
1217623857
1872506645
1731559710
1873414196
1356318658
391664719
1863492422
493797648
606185715
140462460
1449613399
821590864
634630793
899892583
2055379362
156591753
1219269431
25622232
1511402594
1169382327
1882147672
1200569690
1245714055
2035283895
1972666662
375968676
680855799
359120320
1385563810
999223990
1052831917
455704019
724246987
636907980
181634567
2080565646
1028572699
2045126990
426879646
1634758414
38105802
1876493046
308865631
672736595
628901981
216761345
829328349
1848171412
242383577
193247295
870070091
2124531249
1393816985
2115784146
2012331496
1219000000
344269174
545703647
1578120320
1729832984
1544927637
483468589
38053356
121690977
1120376569
219687923
54772975
1465620
117331265
481652621
1636224035
155437067
210662019
1945089666
828173663
839564000
14367363
1657502012
540251765
256750941
1850749307
1410321856
233798542
1097082644
1378622355
98646391
168598996
1722891529
644350038
1746719316
1305240866
41794028
82704258
1343294222
163485005
1203080827
1562982145
218257980
1204546448
1680313411
699910601
693286835
1835750478
910572621
490892853
516440493
1750136621
505260216
26458857
142904738
762011157
1877208164
1553226595
995809700
826807161
784365302
1094456091
995406157
359773183
1738806129
594641826
1665014049
1780600157
677346084
860824623
1944085162
1880426911
276323121
14859494
937489711
1956636532
714770096
1630776546
1644903362
1625342717
2121669399
13860208
1227995690
479445968
40319065
1370900429
1241457125
1917527230
776643376
89783177
596850743
1561008678
1184239268
1592256900
1920781861
775561750
39415078
1438312263
408678259
716761162
151653238
205279774
449704426
427976359
220139268
1387194137
237129243
934909364
870487036
1882032606
412768433
844672787
1895892814
1640764124
1324118755
1936211879
864180905
418092233
1706255461
1640824281
507875410
155622556
1054349311
1692114679
1747879457
827647524
320192781
1787294535
118476139
728871040
356572050
270129378
934150814
806276476
698105737
1154290083
45986965
935234981
2089199447
916474001
669783939
354484233
1761146789
418193105
1995248357
937781896
206921336
711945614
1355874129
1913176798
205286247
1863749540
2068799354
1259635558
1408380571
1669195163
2087283082
1728573352
1309006051
58275574
309960744
1665578101
328404952
1244111559
324370929
1026510689
250917994
370357894
1961745670
192633793
1286831896
484045961
547118026
900495037
902239066
394882735
1838276933
1109160403
1106828349
1046667415
874853553
1312114596
762933307
796169259
424266506
23830230
317880775
364065941
1752403582
1626886826
422341515
2062364326
1144981279
750746467
1158992237
1469352208
1777257156
1409910231
1839710102
1591519179
1602544025
979058350
2075565140
2178403
1879553387
830320559
397061139
1570346673
1939480962
1503889488
469530440
666850867
668520437
1232463747
1463020126
1092786943
1256293977
1780900901
1456852884
861213911
1260304079
1879194399
776094589
257801710
482457218
1935086827
1727153918
112230727
1197513410
1419380373
1703749906
652573787
250955075
1631831398
654752191
2130508463
314668309
1051813330
1553371488
106665623
408219170
2022901928
773516490
1076739607
1107882027
89052969
22042903
216692356
1869953870
1478895787
1077906267
982774302
1210606539
1854000856
1240576012
1693063757
1641604035
820246283
1805294484
691633798
92143008
1361560742
1344207585
343098083
845908493
1998959776
326122898
1160576802
903289458
1879494386
1267242426
1311508629
1754912666
2040758916
240764588
715311045
2129811885
262807491
932003401
1852282108
1741703279
2009909668
687572762
804826170
1716426877
1928148774
350406279
1210547264
600911409
8217116
1902181062
693054417
1369777858
1098905000
1036152501
68202703
950381128
1362275399
1228779506
1853670587
1094286138
348538284
1017695568
701715156
241813552
1258460156
1417026202
224141790
1521267648
201545955
2076423898
1115487279
63971976
616513012
1920313449
1780398853
397178138
123236080
843462469
998089548
131453196
598159884
1691143965
1501231055
1697064884
579812818
1569433758
499962364
1942088218
650729616
206149303
888890708
999267900
1223844871
1590605864
1241081453
334821380
860148418
1465223243
1856089028
1061694374
1394163493
824092659
1125666350
2010676505
596922460
758581555
260370995
720158540
1602044024
1258460543
851611737
52720260
802120861
205359144
1749785144
1381933679
1774792902
102263861
1176538249
278038871
308413164
2065428957
1277306771
1532258036
1508551174
370904576
1867079416
221215944
1836127819
1575684796
1282910318
1082807664
252293807
261093020
946000521
849216267
1019674575
1206371517
1569374807
474234952
317348412
273502896
526955212
1119469273
478862040
129256709
353919305
106171295
231520570
1530457554
384210166
539933734
1448402864
1661516937
2072191770
809470390
2032421514
1791787538
1030686334
1721065685
1219988686
166113005
656389702
1472282493
427206025
1602390223
174015112
1446880601
661278092
1743389920
1921115553
978626505
2016892816
300587117
2098095778
348271209
429843826
304531435
454442504
661364396
1834988990
838652670
1201298131
1135908206
352685959
1126006253
1945378596
237623825
770310144
828581282
1958689511
1990298830
994694287
467595565
1315097676
1421900313
2069985788
1489112788
721297266
583780233
1085019060
494929171
1562406738
954428229
795516288
1513018868
1302699438
1225360115
1817550304
1757141942
1886724511
1505055646
448310964
940538994
493480204
800996923
2066545248
291375152
1038620749
689371744
1119956434
849826612
532186926
2114650722
1317422177
1847284602
1389067387
1239924317
1188913743
2110364653
1823704550
126449155
457810176
1238627640
1080877384
1253326464
604162861
236093174
331202931
274229517
1993235116
70443795
1779285163
294062432
1010982789
125281719
1095059356
930044389
416656871
2133680105
1619416133
1536613305
836023069
4119412
1503780379
5961598
1851404014
745364118
1245885915
892834109
708245123
922106818
1019283265
1166055299
13250810
2100160649
271898116
617413671
188770176
603101047
891643188
34521644
673544842
523444703
328584077
1684527632
648726422
1423643433
467088373
1065383293
1409839890
2086504507
454512951
98379311
2090623919
1958293330
104340909
1794544285
556173801
1350226824
539894747
1264418924
124849994
1559178012
282990576
138100805
1511855013
554888692
755514476
1700625189
1157989739
1647157665
1735146834
1831534582
23118720
2063730911
1368578566
671845143
1339890696
1835666939
1737228436
602246938
1774687798
44257739
700626249
1717828069
2002551070
804967158
1364888707
411241223
7710334
1904783454
1675660147
132560329
1316477818
1958650723
270661134
680849183
366055767
1026175610
233990725
1524045507
525849627
1969137559
1208096441
548968348
1885384822
429191359
1220813491
1077791870
117374650
810558279
1680038808
1892062449
854816019
233181409
1462406870
709883441
1038148567
679811929
1121124664
1045858901
437111735
649301163
1178419230
1753589553
460468239
1449080364
286955089
826524006
327772327
520945814
203085865
853621954
342599725
1411182306
1402590302
80500899
1840373665
475920145
1158292769
1957748316
1286478425
690847929
1702327117
2141294444
924029338
1017250339
703694237
1962177905
1697062269
1824818901
860553158
2134174004
326636416
2038972389
1740279910
787104655
1340569105
2027234999
1613628662
1668341432
400697165
1816714527
374479739
743296890
1080413186
1777070041
823797789
773303203
105506539
1982090558
583567871
1391984964
525454839
138411340
1385795760
1449484177
1155661680
2089489997
1264178434
705240301
1766825250
2124731592
691930657
2093461666
2016220333
284726919
733082674
1209305791
164478270
199227688
730163575
565175435
2015942215
1104643314
1308472325
948871753
734229708
2132270114
1722174957
839736247
1966877024
158259180
84237563
344848215
296670521
1470033323
1794332392
1452332201
1412039672
911027178
10088854
1031381274
888275123
702019511
977359292
757011808
986746431
1710441966
1966317599
1151224701
1909669654
548997527
1716400137
1778128222
1653640841
877388814
579516327
240386901
862175281
154207636
1080123148
681568657
312466817
1164360711
1026416873
609137338
486910386
673265617
2061469539
1898950058
1584292796
2071558393
782847684
325084271
626094256
1760206977
1082096079
1612840687
1323165295
900930031
616581741
1085351302
1449927558
185498230
715995876
956084751
1062887044
1295512203
1196471653
1925062325
1449719840
129111153
459147335
1762186657
1293471865
1485564208
223840347
1780382251
11346177
137826238
1531848662
1595638973
61900983
167212698
1920723244
687995239
1927419675
855335676
153352279
1103101323
1756265707
769934020
40968977
1058709617
955432250
756964853
2014794368
2018319294
2052477056
1063782373
1795897972
1354713248
1192893527
107561659
969416257
338881744
1593125867
1193256604
2119263995
1604472044
1331082842
1503629009
1052627370
1392983825
1670841708
825866966
2080979065
1450777735
1681202642
86847696
406395410
1289984701
856781716
447364387
201210670
1812213966
1204329240
68521391
1683049612
1109322649
1132303764
1331463936
316552249
177713643
1439025595
1285968507
516595387
884667814
331741463
488375735
341656211
1662824306
1992004744
1394283581
908324483
1515362804
72666899
841819900
818656892
1753869542
928667596
1225052302
896370595
1785449312
1672416690
1097581266
1450179630
729262282
1166102657
985745595
1838584931
150922773
169725883
7653533
328636417
1608751479
1293622040
845231804
345935645
1625363503
1333607539
687591856
1140704161
1178128636
2081875437
2049028645
546007792
7058689
743364897
1364664684
1760928231
1672032494
442233339
509815178
1309998158
2114650029
1607396444
612694141
696428663
626015453
1598439736
387529947
776938227
1768165619
395183480
1105574644
1229433450
1688805520
1950806448
1575369096
1166685375
1136930340
115477304
159905889
167575328
49869094
61450886
713583120
56927783
804815783
2078247805
1817856014
329364629
372997496
180187544
1639362788
340163877
1787583989
104573281
1036592540
266115794
1703013017
1424122487
1043054021
1323694988
1819305967
1145017
405644791
1360627839
1951951466
1981013887
379829567
941398158
2096491191
539735456
1108973486
2146360285
601186342
1822556606
55804420
1406002125
1753320763
1873660434
1735366755
2126318259
2053847979
1227245895
318998488
1693948320
1331819176
1355591029
1960064114
887348545
632229868
855634488
63559885
304052188
856779505
469204676
1664680027
661247323
302734915
2044509594
1602645481
251742459
436761402
564135319
250619096
1037947744
239208278
306423517
296466222
1992529041
32600303
2031832977
1971363653
2086448282
1111595224
142878493
1632912954
295930752