155160056
682305445
1397850197
1098160425
183040389
70891188
2222440
1263542433
419075810
745296832
455509887
2098204960
2048156379
1804385316
1379938395
1609978193
237111322
374205010
929531187
1290015481
1239974842
1145095559
891683411
1574593649
1194749249
1566875257
99660761
1863651955
1578741035
2082524364
1546357996
1733901092
617346161
796724545
684577869
800386550
867615734
686800309
2063928984
1286691544
1432097141
371955223
1237412856
1332769872
28856891
469867603
795264417
265968213
844072614
1724795605
1555983694
2084047456
722407516
300183457
1511157457
1917156765
1867058715
1610818218
1633325072
1298316102
1545858934
1032199420
884733546
15721447
1828923966
1569311416
816107998
549056052
108628077
732553334
1835747596
1540725219
1104508557
925676805
726011443
1133365448
1395544408
1521275861
1399333661
92133374
1098587818
807833707
28697182
1820995334
1108017165
1539854640
1590668451
827592232
1003189210
1076509875
2125908334
401564497
2108709295
863158233
417285944
1790149613
284986001
1233393942
191722017
393614078
1965947276
2027469614
1934339297
922972185
805662771
512867093
2056337633
53723531
2034142954
1308187646
145856906
985247124
2116021354
174554088
658758810
1076554871
1714408728
101943613
1904147103
570114291
1178453488
1882571789
971678788
1139679135
598246374
1388964732
782345101
883232375
474875027
974067118
1276846454
293338655
854053084
1063702103
1216310841
1659715855
1576569196
1125164826
1713439387
1463228502
285868825
1859296293
300991978
254406531
2033850381
959750788
1330961402
1600775462
1061694401
1087624857
23406105
92664241
822712998
995084893
1232343377
1420959373
236565977
2014688478
156708100
711441004
841271948
1433554554
1004779660
1695325033
349773010
73606853
1207557240
1926342206
1198771679
773512979
1242087061
1484640504
485325624
1543079039
1739047035
371692358
355346180
922524789
1972467820
1417040581
2010149646
1995873925
1509704823
685378997
843475170
594564552
2106338370
1080041147
461769382
115562822
1791482152
1303041330
1549117377
648778164
850882715
1898890387
722385017
2058439956
1677748945
1921156696
684469287
772352358
1258313553
1169794912
167947750
849876940
1541487270
523293930
1772401730
1366471442
1940334511
1635067728
1214861719
1302555686
172963077
2058336889
1897120238
131817799
990894388
211405972
247380622
634892892
1514447303
1796497999
1283671056
217846370
1547904738
2006056073
128802678
1078170035
1779729122
813271966
1850522394
890559027
1983066878
2018470144
1740435967
1377070500
394280426
1365354049
596058294
187131289
852938130
1810920013
1489686976
1025901207
1721773254
1239323566
1157719007
565183994
1450729539
1405099629
1200076887
817693194
1054113980
336264295
1035539564
454535070
194836721
1164342243
1532705105
1974565843
1977614209
1235743851
717641222
1813197439
1106730347
310593541
1042784291
1501010773
1675947591
1638842585
1688142063
381402073
1302278950
1030345391
1407303280
876568556
122185309
417538639
1441752550
1572914848
1822638268
494345789
243124394
729268600
830610085
1278663959
1183803670
1025446806
295522554
569025128
852529001
125653115
1804768979
1570170223
1938850554
764015679
1880763764
834151197
117542804
1409227707
325510134
1805684867
1790629780
1627789084
688546610
1050449413
356873992
810731920
1467988052
1798626542
236163120
1143142673
145488684
479287515
1872411273
976098769
1757951474
908731296
2001545575
2053474028
1477756424
706590928
31643495
1135041755
129277503
1970494049
1899057434
2010041267
657161598
2016600239
1271785327
982671732
1674801458
914931459
462977168
215864421
1965380872
819851160
1026596341
1285885277
470994054
1262759461
281544302
616482738
1742046976
6471927
1592581507
1352514802
915203223
1446643434
1258505182
245475999
5750714
1290148677
1380517755
135028217
1113159078
1132091541
2145069485
1770320676
1001208132
1269371164
605508760
528525943
36818975
1068485928
744390364
2002199848
1888337088
1770986705
1140601477
211847495
886262518
1422145779
828330233
480825847
1428617706
273428093
1833340649
196337282
1720071527
944362184
441813281
1725822242
87027213
1822331036
1860850459
1200186292
806938930
1858436296
823023320
1808147062
980323812
1428532081
189189357
1017142788
349534361
933579721
871858988
90387802
557082778
2012460465
302235297
1443345297
1287122596
1130565530
1924171144
568256654
1403993623
1610028145
764593936
976581503
406906681
1206407218
554920097
493933895
881254606
268286908
1694120187
1688193536
2126723205
369659859
1348856951
959563369
1798191940
1538046308
1976706157
242654
324142382
701081497
90630456
881225160
566058314
392865753
177086809
1853180910
1523431283
2101257953
273953917
779941259
1563802451
1038547853
1756522762
1970709132
97471423
163959211
317159379
978726030
432246119
2011279566
519435918
411485676
233455778
1868292869
1371049046
2031647718
1258855530
1200271555
2031890372
1582997912
1901353053
2122520828
316739424
319927719
367902933
493826234
25624982
1891334217
447600539
299578899
523791828
2011402990
1338126752
132830942
1834628475
1435598176
296790153
4304206
266840558
729036272
2015583773
786276476
1140521949
101555903
507085698
364087347
2133203621
1765941228
1564358902
2017610346
1201455492
1318228307
1992647526
1518194916
1638156027
213066812
2012021150
1663781009
2104401029
312138042
1963359908
480709209
176057384
1154003012
613540151
2010685859
442117540
910330304
2014990066
708958098
1639366576
1883090191
1495234575
632404877
1984646094
2002320273
996492224
1970366067
1620777853
413367479
1840492765
674749697
1731595786
1685656644
45460965
1222268165
1898723456
2057482116
738565526
1855640837
222136510
554441786
188866398
398193894
1708444799
802406549
261396106
3078691
1712736853
128902524
712036790
1204619781
2011992715
59787717
1837024659
1849155161
2062107990
686033235
1672037580
1535402195
1099400714
1365046698
62668244
683512853
903219694
108129209
1905781018
654459502
18127677
496862897
362616691
240264187
1051304683
551483089
638458082
612265834
1353889638
899854188
615344526
919142843
1028756712
1327381316
2123762624
893265779
1387169033
1813303635
594937292
1301793375
351853223
119491224
689711922
1451253937
1484537922
752380166
2134766790
240273968
860509375
1893064161
894733470
878637053
242443410
1257350161
1118901240
1293748093
1808833250
1757359322
1906013928
1015239240
509729862
373874806
1934382083
1538486574
1701256122
1910661060
284268705
940941507
1576481047
879205997
95251234
1928334270
998697222
784963156
1232104560
335751496
1537343322
1219387702
576025465
250369049
964968215
1470758935
1129006102
1207411625
580625449
100423695
353676071
241975051
1857783017
112206351
1257214292
220029232
486081157
1044112727
1758515806
39853631
807290139
2042784512
980795138
236287539
774506861
1076046372
17138161
1773204083
1861009528
1249242721
2108955580
1250869202
321146776
537497397
1501238251
1286114991
2008256332
482760706
346042969
441398133
583184401
699719040
683373185
293483770
811925391
1940587477
513513002
1298006548
837216556
124545161
1337860179
1644506696
19846025
171171669
1880794235
794352886
1247218041
1897932396
420073322
960743921
999691470
381545254
64129475
1320838246
919042651
1565367726
459469589
779815335
2048128432
805512558
1221213469
483829185
1505231598
1904586654
777312956
169673341
1697690483
1290825958
1467679889
387423391
1415371119
658056420
2031930087
1435217144
829228089
1765240674
82086383
2076446130
1515689423
502159705
889706403
367897245
883704959
953835878
1688735491
1802747610
371719957
721432
435079297
272364741
806233991
1656292766
756193927
163981941
1413395772
1533506883
333655283
963602607
676849193
1801335172
1351025999
2092220313
311907945
1235472438
1379953809
1141136034
853229465
1462040192
1070098517
221435240
1964199897
1959804920
589332485
700421208
766157151
130584328
355685170
1137877108
131305760
790764468
1410241849
937539751
299573586
18952128
1101521693
1712969359
1552459011
1435176976
529088318
81824557
1089028500
1880114317
26561222
1400936445
968103108
1406515031
394588832
1821332573
721071576
1464687349
2042767813
537787825
1277008621
484616650
1238209034
2043165772
615200978
1593894204
1033559232
746506738
237175024
296317434
1684046490
536748611
315269562
638084535
102234322
1867728574
2073261511
631322640
1949553131
1014806363
363953310
1976114353
268259161
1332056418
1235145736
662847993
1005905343
1956217312
2127535342
901189508
346521490
1257060315
1385806158
1584730524
1152742440
2001007136
1031141080
38818024
600030226
1268316105
335135458
136593068
1805064716
650405021
774677603
1907299038
370649947
700455466
391138030
172719430
1715261830
755091340
1350135
1983520991
2087147758
1236495871
498885336
945569453
1045229536
478937030
1846758961
1391751026
1735997345
1085081471
828997902
741256137
938604959
1860138982
780074162
1538635186
980971439
1115209620
1675228254
638552507
1765614641
302422210
398367897
2136264588
1002877676
789505928
161500370
570655858
1544597268
162850505
406693201
1484261379
1399346377
905578537
282347184
297092265
1384515567
2129106146
1688843291
973029265
1066703969
370357545
1714285402
2005308929
83012879
346875916
1396460467
1063984319
1462085537
924205073
1702536826
1080216530
1226627283
2100904724
1068997471
82021312
742927004
1230497841
652677170
140040624
1393348347
1059370372
1624302003
645211076
1964948909
1906649188
942303341
1201980829
1888271686
483662984
27526446
807492007
854020529
1741811848
665317288
937033408
2088687765
2061777755
2001017727
1403289654
838499181
1556070906
336022536
2065126464
1509491982
1405020007
2147147776
104935338
488034201
652341299
244975962
1881382548
1711711671
1869277966
379109976
1529176932
1628443506
1321413317
583674113
1369231544
1805076301
611200559
29239903
511613182
205528760
694557192
1448646590
146732877
608851299
1302180670
1550022531
1447350480
710767928
1886045067
1364993297
72776262
1143581427
1364657425
177711600
1631615628
2016998724
422687562
1365514528
1581226747
144481880
1744624504
962920032
1772925386
918554173
1546594145
994673282
576146826
10311057
1023913186
1087760008
215839817
1718470378
388922950
362572694
179838029
1691103620
1912595225
1627188510
254387900
1651156644
844698159
327164162
647254423
61871936
504875762
131386403
2078870661
927563325
1496900931
1512613760
1072045205
1094041787
328050144
697486944
2012595960
1874644290
1692160226
441259138
1884955347
568589764
1529019146
2100795164
139576494
1917942097
315884210
319414524
1461562069
80995787
1946603034
1715949970
1732152431
643817545
2043114132
231923207
705689481
400506247
363309610
637076494
1328069572
1860210542
2206607
252631129
806768681
330256751
950118073
671880994
57417393
494794652
1113140132
1942372740
1063384416
494675631
1895684256
1202960911
265134080
64084818
1522375435
1726696149
145080605
1321494821
1295162471
1877233037
1965312366
1190792956
2109156244
523518199
1591299203
324982206
1160594694
771885127
37709100
1162801301
1024516256
844477782
1493058052
1974634330
1516358776
1550475446
321945334
482015260
1345364538
1385329750
976690891
1093565147
440807013
1241824971
1157649965
1963182448
821037473
1302730571
1137193621
2116199944
1032479960
955022339
1159509252
994152556
1478540539
603324807
1319134762
491651585
1375209934
1356843863
1654452886
252242543
53837997
1000027290
79393225
1570196773
403019088
401338559
2052212033
1748383627
1786668309
881419277
694465126
79991675
2123244248
1852115091
2043174123
796798073
1007362014
1032884097
765514370
2039841974
1987906436
1925023622
886510882
1318963327
380864782
58161997
1810614912
1756074716
1415005860
1317584150
2008317259
1468843857
170127793
2087710484
891556982
573146881
341565395
796285367
174046860
2128233705
1677704644
868511986
60741732
1653465245
573143430
2103915855
302779670
1580505444
989316304
1068294040
1472863771
829739093
845834015
211891005
1218772
1226698797
270053002
1811833685
835289865
1685058862
981934187
696123477
1006419071
1152061980
636350313
1897976053
1725208862
977915709
546777773
1899255722
958665766
76998769
620284061
1019407498
1730464014
1193427491
975839705
2033243685
626449287
1965156010
954054077
2099313058
647411455
1799888092
163720416
648630227
879103241
433773418
312980264
1714393107
2118832281
1294914452
263032936
977767704
299492784
899383249
728260110
2024701646
1877298958
1275037883
1776473721
688481076
1352036652
249274134
1707888574
935017019
1442701625
536244632
820777056
2069150912
353916994
1774831133
2020980323
1001328449
1427235578
37217091
1649958676
158855171
470990509
1962938941
1873248278
442339142
1110369745
2136281214
1420106847
1409862529
888180816
883309
1287080528
617996126
1275921192
916070601
1306477203
480474196
1165344735
866882129
1415491215
460562712
1403126761
88784623
382229976
1757043755
1863615757
255726651
610888556
1143367687
292943742
113363585
1302222858
763934252
2076302526
1027987489
1206273394
1039188623
1016785055
478896593
301567504
1904965871
479779902
1588648032
375478350
1755701094
357234985
1681955553
88691643
1522579720
401354034
1504182858
1983142432
1804480796
1592967482
217888761
1414040903
1309099591
473615412
2024929460
304983630
766559155
2138293045
1607206488
1530493407
2067111923
487710329
589283153
958816898
1504495385
1068179747
1260384402
1261977608
1547959649
701548787
1637455958
1156177096
1058783772
1171927863
1244868739
433879845
1573281898
601567949
269538629
1230279046
47051783
487427390
496836301
1356151374
961042803
374282113
1661135004
1727601958
365091510
1120857845
1110611717
284719785
1608568174
1699894870
1243536683
965579911
620590969
356437438
80073872
21066971
1057986225
1717529830
1177244067
2116769997
741974046
274629158
403166194
167772296
876197107
672704824
1398051342
923248891
1160132214
1894887643
131916617
2121175017
121686109
1793051622
1701293327
486777619
766425819
664421396
771497405
227510345
216832619
2015034088
1193090257
837423588
223987878
1273164129
858490559
1281974103
843210311
2035734626
1251260453
1585184357
162880136
1654426647
1752956653
1039077244
179647823
1003524347
1962326135
1339780038
750928343
2094242752
1313471407
872614452
1739810726
867281087
1359392071
358752897
1531702483
2130889476
586263243
1748535102
1998439917
1779353500
438475043
74944147
905033981
1296965602
1356918251
1748244292
1185216581
460695056
1185945002
1348096717
2115121703
791418007
239690313
147285879
1794942355
54532800
1487065917
398387050
1291905
653053676
1271001502
1741102631
1520334763
482909925
2099855529
904553599
466315754
538635124
505605053
317272023
170504976
944080096
392216170
1075538957
93562051
1749134421
676299601
1278778632
62345829
1862244603
479391701
29983885
506178963
719082015
177269764
153637670
773614815
1664335681
552024720
774906720
169905709
1823026222
368525704
1690240473
158452499
320897585
447310424
624768253
859532709
952915477
942040276
1030037685
1896995574
1334256447
2105576642
1990557625
935907220
634392595
1121852609
998253050
349153551
1601244310
1028236935
855332514
172842677
1205506699
1008970184
946457493
722358732
1560994904
1721364213
892264441
1236537478
2089889917
435021266
1394989977
263303854
882331690
2019758231
1122836563
1835247168
814314859
5390600
1584759094
1087658
2110967242
1427833071
936994879
597876190
402202032
1935247929
947029741
2003446342
816001216
1802362255
28805372
2021507915
663848791
975262865
596382999
77360047
549143430
1488647440
1313897525
491549700
1923668707
561403854
754853554
658516749
433678437
1877690118
346280269
1247993297
1883080718
1931039363
1249080955
1846564313
1211388786
38592186
296956855
1613590818
1973840115
1243986596
1469553513
642357683
898865203
1498358885
516381950
1562713994
326138102
1112764949
1640074041
875281532
453928742
806487918
1366831232
230113801
1367891772
2121684787
888630550
1801570210
1851891257
1234910820
902079859
1587488327
1018466535
3677166
1286568992
82371674
42269353
1583525847
1695962492
2016109468
680028795
1018032357
510983504
1578893998
368907594
1027365454
994124344
695045696
2140130404
486714737
1570327229
446575498
1293202655
789674813
676689299
513610780
763875952
1565319849
167697342
468283561
652747021
1069777201
2055771889
1671213557
1073454367
1194857233
1753585231
1115723720
630899433
1302064075
984349541
1310928228
172612785
1495333045
742338579
541520379
375214851
1736462923
1236566076
367861607
75694013
659409657
814437105
1368896668
1449084470
1491126404
1882507448
65476775
908962606
2050204790
533760336
1561709627
972498343
442048577
1085439536
2045952711
1636905811
691541119
1014192783
120321596
1993605195
1998542324
1431249824
18734332
1346391721
26104755
560254711
1721606573
1762567679
1796820787
2089468180
1838261692
308746796
756421638
1059674712
1757831267
100064394
794698513
1823308042
1009027000
697419655
209584730
423252980
1669917999
651633308
1508692516
1568387062
141055471
52749988
435096197
261377067
2046355183
286154874
1692626891
2065089515
1632546595
1718731647
477860578
1206669520
1333815678
127197718
1148654053
1024593722
435944514
1905075691
2084268434
46292133
2005140085
731483299
1869600175
866683438
1428902955
2079184906
1289936418
951337306
583334566
651145286
372240720
724390037
703895274
807336917
985767104
602766809
1093491791
530910347
520372676
578554739
102158346
998233255
1785224259
1435974024
1125430973
786394664
313084098
1561375487
543986707
249868885
1607667621
401643145
981352184
1329784148
1268326583
262771491
1261485406
410779353
1214108797
1844819972
1061924639
1586349517
421726361
1765819914
246202787
1407493465
221103075
1339694578
1938403813
741475752
1918249317
2040562159
1739709007
1555989929
1329052536
717656332
194900945
1642136634
131548171
738887653
1892005519
1739215792
1140530798
725874056
921516293
261373733
988645547
35518051
672153086
55270697
1880338024
1734077725
1641620214
154580737
1352413991
1887823001
1562074203
1573517067
1080033932
1352994368
167509171
850799601
1246072879
1907218178
259305882
427641767
477390862
454206828
2069778402
608939033
1193094481
1814300273
200671178
186141631
392690681
1122187471
447515364
1381336229
1157705522
1119668450
1436606926
890559898
706262527
930743492
1045140636
2058676519
671082846
459731191
1484709938
1751116778
1812725559
1652219109
454432731
911314790
1411953639
713738614
1338956558
1889344501
1167945442
1261251312
350799886
213556275
928067937
551471064
399697906
1320758619
1673658535
847213270
554611200
683880410
1966881720
1991218126
1574440308
525660599
774477970
472097296
436853470
1445560816
931828487
1921563408
1049193946
597070398
1426298869
1503626678
1508385189
690768860
69881644
699858099
432629713
1237827086
1961109411
783429600
1451383361
741693700
1334900664
1851081267
2062452319
861075552
550810889
469579871
1544955962
370208961
313314349
971912622
895869560
1087792320
1444009919
1332723031
385869488
228354758
1106802791
1435063435
825425157
385618013
791206465
186326698
1076386873
861088109
886184797
1509016587
2098915195
699810560
144962539
1402814908
1441504260
1479863203
1106412527
1356472932
193455107
1657223416
1826052803
1738411069
2027432377
2139367153
562840044
775818289
1079675825
2006849963
2108541320
1465545313
87721073
1067860464
753125100
913146230
1453478477
1544331565
1099472928
382381702
257936026
1985657725
1891398289
209367573
537984637
2036360828
1612182481
1979488898
1368740384
571111360
1188478182
1562195491
80851128
867047337
1153122913
2108283505
858930842
1715962957
736618147
1938606667
1575329272
697675819
1256668333
1663050345
1765536283
2009793433
428712928
1071531112
1406641351
1528185856
1453912815
1664577377
1366359934
1197827456
1873944951
1904344571
1086704637
1338643784
1736349821
307961373
1909755145
777344355
1870156864
1990606273
1644391693
875796129
1951406131
355838887
444275438
540540630
146961907
2019604710
1238216449
1403630240
1535171408
856269085
1265940025
1963884336
1927800197
525097728
1344586544
1234229364
42191458
563462830
284573173
1916136409
320323754
1371277810
1107296545
2056673575
1679239183
869568042
686534283
1401912399
712690668
183442328
130224881
516613151
539281215
574500319
1057153781
686243122
446621382
147886582
2089873362
1981792790
1004155667
1208329740
1798193478
784472217
1733427468
995296374
2018701581
1775618926
1558759205
155791106
1544271687
1879082959
1527068916
504084585
1788272886
1058824451
1373652627
327323521
313253203
2086343295
510765849
443478084
455472798
1050047065
1017978403
1512626579
1736290187
1464599785
1660513162
1678679902
1298908927
517185181
739525994
949618757
1301657398
325469814
1944915132
1172875332
2101088741
1356190689
1328666438
1497876780
1087790000
708251707
2001961365
728579238
1767076158
1228130345
1055902760
2080329361
1166989992
1566668609
376323797
1622462791
469232026
1394302201
987605722
58038566
711418338
500635236
1736718468
2010327266
1017820418
328760814
812462375
171994168
654230628
609893859
1344869500
607835721
1966084548
526052291
2105712502
906390900
1234303998
1960190219
1634970139
853896508
1040836916
543389251
786742222
60343261
2110057860
1163066019
1682806052
431806239
409884572
522928126
489844805
1121302911
1023563363
79079625
984146529
2041383781
407840439
1796608904
65894301
1062071067
259019116
1410763802
1669906789
77620016
1936816093
1628135643
984010917
1023636443
1440842214
471497408
1877532951
334195483
1014886659
516791525
394538744
977460871
1679857545
2077344796
1409267110
2089742117
452789274
1899111915
1063561380
1476352637
1978191540
2047707909
1370252770
238548331
1696833166
1436147072
1300619399
1955852282
699427226
823042540
2033472298
488759671
303694535
869999567
1512396114
1744536749
1341496975
1242445417
2078732232
208899986
1759236943
325787328
1186360858
1291610840
255648476
448144320
1233869309
708437751
199772588
149947042
37306740
30480480
50171303
1407559511
269028812
1747004469
696222935
1569648211
1555373103
1395650161
245207103
1441361754
1884409832
548901638
163877673
1249322298
145954739
1505374649
344284067
77203324
1714274635
2103521010
402990652
753151845
1247648202
658639129
1201296166
334033864
1367076880
1401068754
483980906
1404383620
1431549234
534152209
664459483
1700578046
133673031
1360682418
1122742609
1689046134
608848931
1367949712
982924240
345775115
1916851350
1146801914
1595097413
2062806090
504692915
1939381481
2140009414
71483902
1895418843
395516418
824635748
995583398
1054155547
2025931914
1329617262
273748779
1279517020
1813598168
1678132400
563582606
200266729
195108235
116677005
333939760
1555790654
1239419614
2022985895
17155937
459885679
858426487
362931053
229253381
2005228401
1958028466
144575823
362437668
1749926299
137101589
433921571
1497861495
532618008
1258557319
345961245
1586773555
1137005585
1675578507
1860522335
269038957
1341693027
1391171087
832621563
1541959756
1586279322
949298568
1875899517
994586328
41234535
1751401764
1011742266
501120214
462344603
1374673319
730373595
320089357
1185218137
874949419
682527025
787660789
1012051008
1116448596
138038636
1544669016
227522267
483999881
983958924
1364527852
12094740
696997611
1633566809
1353787767
2088168698
318704725
748263875
1526964372
1268003293
476679744
374067053
1309237828
80597860
1385809319
1810358042
542942464
612998990
393247990
863031821
1798217127
1268197409
1545558846
438394268
132764769
514523795
576432904
1677433786
742046062
1060432785
513909062
2106573915
1072527525
1210906673
1592657076
278831644
1151591723
1911361801
1027095520
531072447
1031881447
1503775264
905139500
193635627
1584373125
143465171
2003993670
2127315589
756464161
249758012
842863762
407197641
1517955421
240938960
845591909
1650720190
755462755
1422024814
1180670328
1497508818
334973951
1694579390
1456599085
1407501477
758002415
901772513
1686333121
1909594138
665650667
565944993
293182938
1697532114
2069720258
1198322438
1891167741
1506609735
1341787610
1747677763
1486441676
2098251771
1997435775
181821790
357965764
1367907548
422760750
1203557674
871144091
1178223506
478098840
2051814419
528248676
813072791
1598910162
1984847761
73090620
209428929
739136626
1759423742
2119023068
1404787293
177885087
264722358
954835759
100121697
1463044796
698519853
1606731432
657348758
298713968
945689460
608116882
148666096
1127511250
966082646
1516573644
1550272001
22156672
240234087
581011859
500255512
144564859
1109260535
1313328304
1743475021
946624648
1386418924
1952903950
1685761274
998359018
1924443370
943064920
1176244106
41682080
1897900679
1276365803
1504726877
448936884
735613588
14591987
747650853
1681303048
622708869
896316949
661330651
1588791516
265406945
64119004
1610948188
505641033
645130863
2111203701
650205892
1754391398
1277048357
246197265
553532398
515983633
51617567
91810024
1514342652
1976060938
1034874944
543103110
2017743018
785291976
1819468913
1374986247
1234228860
407598853
1389578235
1981879713
2088901902
2012287104
730713014
602748905
1453594972
996119960
666867909
917059513
1501760993
1311998772
880779566
4483237
918906522
10344275
250680502
1472438920
526327908
302298069
1564248944
2040670560
130875359
451640241
436290022
1134730
1236932217
108275288
1376120977
323677429
515874141
618215564
158073495
457292395
483019021
888786509
1060041300
1936613993
1884906469
1726909209
706189858
1239183814
891424333
1586969424
1243667051
1810330855
1597313699
1494347553
1135286127
2123641608
1796645623
552051424
2016828520
1927520982
1003691665
305634895
1928655712
93140234
413910183
1157293042
416817663
929784324
1775508606
574891158
1387076720
111043979
1463677668
299634372
2047657973
1201100489
2026543582
606364183
292800656
770484267
45849960
1536467707
433331475
1643163659
883331613
1568617602
1619321619
532493588
2120669026
1488666492
312530922
976877043
1794301387
93702987
1070017277
60727922
1250996029
1486834941
990512246
879020987
2061726099
230105318
990064967
1377920119
529739691
890239292
431536961
408799625
1496603475
724337617
1179283892
1542453435
113321676
1612615367
1038133447
996653289
1033749322
509971418
1529146877
1006934700
1998637910
1841677800
1983811744
1645455649
1935380787
906345373
1706183571
1038893168
245696666
549212170
1917914155
159939118
779317488
760495474
1537859237
1309057179
1650734766
1969396198
1717856804
999854594
546250167
749657049
394824381
659571844
214788768
1432957828
1656225133
1248538090
1942929247
1037888363
107989143
1794083509
732082515
2091800887
1292055511
519979654
850662612
850755434
1558872822
1096359279
1399967604
1329303329
1256298397
31801445
2089798804
646673986
1340858624
1593049922
468586537
911231781
445420868
1014836704
1660888830
840245250
1674408548
1875677598
125719430
1183150034
976732041
2068648677
73554749
1084721184
1715248539
805637264
1029038423
859820402
1325616918
1879701035
1710575836
737006092
828576666
963059793
2066309421
2084875063
994861238
2008624577
584065402
188236214
1454190852
1052651939
1099467995
1899611720
2067488643
612873177
592373322
1594413544
341067128
718092753
630079930
1317799169
639257782
703634679
255036705
207022673
1509271943
1284075128
1066843075
687405213
1016292515
629935264
1424411305
1844869182
1592995057
1343237078
1782260597
440372647
1204378008
218842351
628608861
511085212
1271494290
1728076857
263213284
1191499286
193466386
855586607
638429182
534533514
1573679360
1268509112
1852332683
65453494
1972143791
2107369388
272476168
1333932086
1243960868
1339319243
2021337299
112769736
1969254507
1298264956
1957638918
1414765916
494018386
1592415867
1855138563
1698396394
1811258219
336263777
61997958
935268861
2064340634
325211243
2126768147
110323372
1180797850
617713681
644856887
606993562
1886222793
349705922
672447056
1710882936
309591663
944923224
897331374
1553552531
136758820
771185025
1666322267
2106013327
2069449981
1476477537
1373295596
415984720
921409757
1080950511
2114381114
585184328
1417214288
28895425
1520453189
1334071274
354106668
1499737689
1444394647
1534904518
2117451370
2089251534
2141898080
1856190516
291473808
666861488
1419589804
601065471
1611784713
169437531
7134355
1748543533
940622556
1673456622
1707073212
862588890
1002450512
932885160
1278573610
1923860269
2013835672
1245471076
361560949
1283566312
1274366501
1882014138
470153939
1628473169
1234268179
1914548586
1015894039
1204235902
1856316472
1010308471
912942770
306632
1677169960
185048926
601372104
1141471025
354486457
608506459
742530910
1295109014
134479433
302120474
10214256
1136929945
1235005635
1288787866
913306566
1101357659
386775294
1274867515
237440323
1661141796
1009398006
707594262
1142131317
96182537
474659200
10541709
1300418439
183492024
1020850180
65877561
183798657
550536492
250926488
785170761
1692007517
605412945
1393677220
287054779
1900521959
1528156653
589175254
1910736215
517602951
1824180889
1052040433
1430909517
778054900
1438815728
558293385
1015495223
952473876
1567691391
1723089486
2094605193
1663873928
50265038
2105146902
816808720
233757063
978513435
882686281
417555720
1529049927
1133612769
1202726481
1073573797
1739025715
448920053
1360628576
1492064026
1977076706
1949803830
1255316594
347196009
1626501071
159873379
1778105527
257072323
1598689107
188915264
1272567547
403679335
1756606655
848173385
350800881
1272996935
898438423
308464135
2089805655
1132195486
1286977570
825008289
1549751206
668543850
1958621058
604994039
1742117647
1550163125
1053914092
955262575
894743504
883507151
757582758
2576450
1230703160
236600181
162449829
861325039
493672505
1761138937
1050240303
1766240052
17334624
659363310
466929789
368135505
1932360246
1365368212
676599641
1874682253
350080051
1963577211
552206894
1899831257
484637413
363344305
357341649
79271412
1913507430
1411255741
1034533988
660767286
147279244
1792116746
663343736
1377982405
2028716927
825793566
91823796
374905784
439448855
1142064100
2141145836
456783479
1801427410
460591977
824918985
1586304008
1825960190
1501518626
1313502614
28556593
1317612189
1865709508
1928387850
1802249603
81570165
138245851
1881521015
1995077596
1549501593
768571355
508361234
1696780837
413204453
1171704971
927279594
294437733
1997498537
1019103391
669343517
289463744
13683843
663005706
746247223
1815111253
1123597683
1571166208
1253931614
802074225
925201186
419950580
830630818
95329728
138176440
611535021
1897579331
219746606
749780872
1631616698
67340554
151798817
252704406
575701788
1848579655
665908859
1747406759
628375601
960346592
1597421648
1647478992
1629690110
1886885392
1661162835
145212168
485648968
1328790441
1268809851
2056815176
435238407
2070884077
834532715
855188987
754031247
929862443
993365427
1365566268
679958126
1213112033
2115347141
164091176
1280452587
119662310
416795582
1856154376
1968241965
1082704442
1456077487
449133919
2043051034
906015488
2096612911
1525257496
645417232
1610292099
1670469664
1131066200
791598892
791795868
1040397729
1226837299
715196297
1874930444
2082026286
1469227544
657309239
927908065
687310165
1337267365
2141020099
655173658
1501358541
1273989038
774835968
1918154124
982659766
595594286
853374918
291253606
1044728205
748942304
1197269094
993857468
126716153
1842686326
456665919
1797185817
826268879
1248264811
441498037
1866666608
327618462
1156694334
1594113404
262161100
478438231
103938995
1190069166
1165748396
1441206360
1183605617
1820922054
795081253
310111007
448274374
565751729
1292770774
1043868660
1419126647
1584024380
2088596865
20585304
633809826
934970686
147301457
329012504
1391636605
1944487274
1155281383
492417769
238501664
874464343
820036231
1395195998
321094099
1082197332
1873634229
425033094
124782850
891898977
1866239454
1308388467
565337383
513837060
1618499474
1013611758
1079588789
763786600