1498469522
1445493421
1183279297
2130699391
153644261
1246839182
287267931
1010423766
1716043859
1951947958
1671671090
2018778774
1848973905
1126832923
123037585
138251659
1690968243
373656682
1176199404
1930176521
680080199
1472665626
1775221914
712680502
1357014955
1599101919
651645137
321126531
1741980413
137074443
617057283
1092966287
1582567864
1800336580
1076182030
1736212125
899692114
1363449961
599152244
468252325
1167914272
123339686
339547452
869404529
1250172609
462585037
1007656188
793657204
836241719
36371944
576350077
1516321918
1509037570
204088344
81518773
718568877
1803190263
733163910
1039695408
1397687028
870238353
1656752691
343169668
305322570
1309605623
1419351698
2041534695
61814090
635318012
493203291
530066415
1803232284
616542977
869613867
525153165
1866715587
1332198905
1532809353
512889143
20956976
1569181298
1089239221
1537278895
930735220
1293327565
1618797668
1649304098
949034180
204477930
541515858
199237561
1074716283
50784902
542407229
1380038853
1360390525
1961758927
1274089901
1422204615
449593291
1767293192
1952271031
105341927
236352522
674401250
630495092
2103068109
2006600155
15820798
468473604
2027557132
1585002096
1557712825
1417352379
368253668
703556742
888666399
2017557766
1652590923
1093144329
411589977
1851828484
20376964
462374879
246752065
1400415818
1822765404
61027344
527022071
1097486372
510620636
146831615
902273755
615962563
383184137
1576675005
1246457656
338768598
1435791513
1262278454
807242203
1315864997
699796902
217471380
585733728
1068050570
921028123
1474400127
938124689
426135398
420060808
1349714666
130480234
440437772
1812089545
377232299
1840853590
1487371301
438259643
220392013
437374025
948880279
367223629
1339647780
1564842843
750407766
768839138
663816851
1089176365
57147003
1926095305
1896418568
1373012000
478408559
2113889948
1958745728
1546459129
887434423
1285662207
337100170
1313569821
1705723015
1686814836
1444050055
2146160787
1351420733
1821282354
1839530730
691308387
112058350
2059922743
1128682412
1060938629
279662724
320846545
478297824
1030070491
1089685683
1142114675
2119246856
1146832686
920726332
1868181776
372361038
1399134891
1834588076
183623118
798110373
574538852
1469285325
1135210543
1888108673
1027524692
674541732
1184675081
1026201831
2025962465
858473787
718248913
569787204
970532137
630688009
1698469617
2031470767
910350733
2019316162
362284943
1940421224
961518197
1504399619
1912184432
2108350883
277642303
1632882560
333228273
1676777195
1319986989
516851391
327403920
1894525841
1986136716
1462614463
1635150866
866177760
2137156195
672342299
1892379591
2015635013
1530816087
463144857
437938569
353864576
1093832866
2136408186
237851695
2004183599
2008240700
600136639
1797121176
822275249
2104536258
1561821960
783142484
234694913
1047220873
1116370757
1911472108
219724214
1633222148
91392380
2114250055
1471875216
1554006844
1601917273
190569328
1543679391
126775925
2082948920
1411830756
1657592012
398610129
1849769326
2011456588
1492442995
1838693864
101824636
1349142946
1699450917
701961275
998780474
374242518
659013885
413118787
1157385003
893708798
1460339660
126272112
657697259
1680063874
1759494261
749089639
1646830281
1083885829
155612835
1101263906
1274455158
1699292227
1228039831
1209920430
963639335
738148195
1608530559
665925013
602121136
953489906
357135230
703945772
155149204
2056586147
1405907047
1153929679
283345017
2064920932
1567048466
1440730020
811146082
879904478
1567002133
1468843341
412484704
1179012746
70449333
2059314985
115414927
226062168
1013095243
1389870085
1925354395
93651427
452306867
741510083
831799622
2060837426
1407435096
1433920758
866843684
1764570326
2137866530
1021992889
1673672825
1396289929
28438920
1957017843
1313727213
1595487386
1250264215
2124873296
327908216
669782700
1446232989
740392920
1848795446
1516682322
652224257
1964210374
1742744491
1665319500
1206596811
1520615238
1758970927
1658903679
114641673
443286902
1572257457
1522076770
1877207660
291617494
1139163448
1867590543
1313610383
665352626
1116396824
1342049303
474886821
282640390
790053041
1725151036
260030038
1117961257
247450089
1706263027
1858354177
2096245535
1075461702
363094786
1912972261
670722545
2028414286
972085425
43854135
1639901566
483505456
158495809
2083188468
2055762913
1680572579
1812912480
199896759
672252379
1533019375
1513507142
1337605005
501932552
708072797
1812491826
784572942
1498125838
1390159215
1044602980
468603447
1637609304
603382359
179473976
1586371191
1678844061
542568762
1351859805
202082958
423499401
176461582
245937094
2063400967
659967038
404432903
1999105787
568246303
2085005482
1664534619
768143063
609774213
1050070347
134166557
1947379219
1552002899
842239355
1612387397
189092193
192881545
855062964
1233695173
661484993
345188620
1837077532
840958969
1931559812
1368437946
1383527732
1135935969
1570520904
1807027133
1312397551
1816457998
1722944452
1972364589
73407253
1574566591
393127244
10929087
1091617562
1161270307
620703301
2141687909
1295436865
420598872
1546207160
2137676220
2032986269
1735299353
183074117
740565586
821510878
844559110
1085754206
511104763
1685518080
869830370
1879542709
921562164
2005766339
1302579965
581105649
1170680242
971554316
156566453
995561183
1044961569
1731133044
1388688428
1055890657
675266958
402475087
1676593958
669471220
1697911952
2097192830
68194732
1688104524
1982695451
1803494086
1871178642
575777389
477521316
568254104
1661531596
988626079
106288536
383878318
720685140
1027850700
242161010
2023265106
1608956349
1412841252
847335774
1765522802
260918788
1892297343
1349172198
1649607216
800704352
2024439157
2052082303
329814662
546426729
1602510608
279523844
614621461
1143131484
114735648
270631899
866826478
690513037
748153216
1435080583
204560985
1736779295
1541369119
588439304
309980788
421736172
830600314
185762246
2030692521
95957918
1033098020
1648731676
356876706
777911715
850420226
2006483922
1578616068
727375735
1911082578
1908430730
1273802464
1366109538
40470927
1888423926
361757374
155206575
11572177
1228583853
845719612
759725393
516180788
1050280598
349021041
2057549907
1638719902
659001829
331802431
321836568
844764075
215011305
417794486
1877862095
1863742981
774671193
508290162
566679559
633671467
2086906230
1294055295
397270397
1847853313
420374111
1763379935
1888324240
161314389
2125137310
2043530815
172886567
1206237515
741766779
932611960
1722418303
1792047377
1281633001
1632484562
1283283631
1940634830
1964286994
1605120199
637915257
31814651
2022914686
368293704
1895557632
650102231
876583867
314753543
1283773698
816006449
1608808838
1681044096
516376114
2029182950
1296940383
257216706
43013691
1274594045
153263873
215900258
333347912
895030653
1148512219
2055766215
539594382
282661572
1540767130
1822878014
75812755
1357570476
1280514565
713728012
1389385127
1155945603
1082021717
1137459111
1806047834
1958605584
1452212654
942337885
627128385
913537845
475898333
1143504500
795237147
1772838716
1400721206
838250838
899949114
1553985080
1054151097
1233297026
301532085
55179668
1141579594
841126467
337841240
534863076
516520833
413653995
1892433552
1797035399
1127382008
1134335031
805497354
61920077
124310494
464061541
2020525661
1576523148
1406399426
500170398
342577345
1882297759
1643674898
1137814492
1507652827
896912457
1976065331
260118293
303413889
882732780
1493415320
604945974
937912448
487511266
1446072441
1275753688
1022374342
1962593275
1689407684
767324246
1612145026
669306044
1901659277
270158732
731226121
2025969771
734220273
604268134
1455009271
2140619699
1104438532
1797586617
1875433810
600629783
787917461
1235602990
1497542240
616499144
1495721283
1800956129
1499231924
841652955
258418455
289660724
1329164221
1704490896
1565414413
204054915
1519600523
1107338449
971379161
984261901
1776644493
725554790
1254420634
360386966
604040913
1988640907
964655100
2059050185
1981776959
2069093632
1709153154
1709727121
522239767
349586967
797846463
2019782007
966086112
146084099
1673254488
317834388
987737054
1931672943
607495113
169417628
1488680192
25425878
373472543
860797067
1132764327
1344851705
1845058969
761925172
2070406495
951995955
1122312138
526963761
793153214
2086967238
438530298
627446525
2008577222
199804
189689999
383333342
349786771
987536462
255631701
1315872883
1133620561
1928886190
1633707272
2121357616
1713075485
93718737
143291596
1054272029
119144615
516764139
1915069097
1251908942
1861615844
1612644418
2013834114
1784538692
417156725
988662604
164018805
1210309939
928146194
602549103
1837756465
789239768
602748907
2027446464
1172573110
952535678
867499278
1428204812
120924914
2001119840
1209607354
1754632186
1974993808
775199191
1848350923
2118285404
1829471221
1967495538
487565895
1597056670
1071920832
201698092
1062217440
938271298
1986236784
1479374165
1926933902
2771941
542200456
707596448
605321044
232473273
1496836216
1208069951
112436089
521925679
13121981
979935368
1950130491
134046895
833571560
1012254197
1888679081
661081720
1787453388
1589546356
631883476
1469440961
1409558246
1119449371
919013983
333995430
1321147463
1981231423
1272266728
1159900599
1313121940
1051716982
1162672540
1855322397
1759313430
1767993584
2087795670
1108665999
828579887
52748112
1630591678
841701869
1032683480
1433238521
975748764
1866255040
298009070
716944198
379853112
2085462458
159006906
1011736588
1407419772
1568565153
2131185959
178950107
1902560583
1304849775
12697883
1027343664
317266726
1325819823
2079060646
1479939267
1033658572
1690890429
1100449203
973970595
652072780
1929029091
1026718707
135180810
623247312
2059402187
1568419331
1598996076
1778173579
1866428401
168456626
10543043
1804407211
327463533
1022279631
1064343335
1896028686
1005981942
1243293443
1651105621
163348069
1255991326
530965637
480614796
434327501
462542636
1960554063
1467986074
5949417
913519618
294473021
658022197
695065061
1321191728
793203007
1318312373
1233110267
214138690
769824802
863800198
2080567091
938281428
874343241
1737490654
1265744961
1896622872
654350342
1014289999
755121166
1897643785
517911973
918469236
1006151463
1048877610
1399084032
1440478964
1511420246
1212154447
760981390
1517369663
2125674065
1055454411
27908212
673255479
229162491
821111219
1991567852
1462272758
1035249909
613909006
178589308
968333352
1552190435
1052932549
558340359
670451748
802071773
1212690701
1684741748
1557192940
962850838
55170073
328178528
1969002301
1104047683
1727262560
1261997617
467984282
791933359
2022979008
1985353945
770123776
930949771
2013262158
1443379255
1160112263
686889729
1287463460
474901373
1722139639
1901372466
653490682
542989343
1306079253
1706423231
1101329702
1976531002
361011357
166536755
1513789102
1918204297
1129387593
1568959175
98899177
950906246
525523210
1826161737
65420216
993507492
470611448
2088399224
831377790
1240735224
871865347
697156300
536630832
2031977610
1384046029
1824094292
359395336
958702020
1577983110
1012886018
1501691364
736578716
571825601
455537418
565626070
932836958
622074174
2079415172
703557607
1751461767
1500890699
802456784
554884366
2026413909
481134873
620304582
872437754
951746321
561220158
1703815544
44997898
1433085505
253488196
581628730
1317579468
1637534225
258239374
1676974804
448752598
1836222484
542377174
1950443962
425317552
1114202775
258497732
990943622
2047039734
880571906
922875146
603113693
484550026
276282197
1405570478
1039434392
155212459
1886705351
1659738974
1027650213
690968025
73475484
583982109
735965923
1506560989
837470305
1317594653
676656809
327520882
1575834027
206147965
776273480
1264572863
748525139
579233794
1689890416
1862727915
837731527
533350390
1762284001
1718303433
1456225537
217914046
55369811
1732507734
1623484524
1094804203
1887720193
1362706228
607059529
767886758
2053674253
680535013
1351868867
642156528
39612355
41855524
1959751181
716269164
369376407
1388101560
922417130
1145649887
505190775
1670942269
1724883682
47597543
1386186536
415131561
580947934
1000986889
2133434994
2037173471
1218900936
41321158
1622197557
694901812
1136125361
1362434103
2057608040
1743184891
2130320861
1963798645
276236256
1334706081
458471525
315848611
1376561605
270739058
1032117776
1745938012
1658840618
1954534906
744104252
16547746
1477993527
321504286
64145289
716696416
736635847
645093223
1717683305
722587193
534783046
789100593
763908351
9496956
1484002406
1900033713
1371931059
1394126798
1495734956
1354768272
1210441796
1771971212
541990705
1668913321
2087819824
1918552311
1939652380
972453952
1517006675
1451009350
779505210
113627279
1467557096
110015089
435131565
1531702386
826711505
1171767412
29311961
396911163
1894354606
564095008
1186011756
510779309
573591964
522530514
263329374
1945523023
1916657313
1759064330
1152807647
979615461
1383551895
1694798353
501045134
1323888071
1465867016
293213866
148858375
835390043
1744223217
928363585
949017323
1064296665
1038378674
1384148888
448515403
1865090180
408432653
477827365
114517695
155303611
1041922373
1300529451
666082920
1615514337
1823059966
929412295
1413553712
1592233631
540992977
418877711
424365444
1924544872
2113676064
925410578
1100949295
1432059432
1218624445
1249807670
119965828
815364014
30687607
1068983151
1879660679
1069066282
305648391
180692435
786672814
714081044
658519800
901190509
869384655
1700442173
54236312
1535467576
1168472862
1877296278
317396223
434542926
1322046261
858389200
853420637
1746411705
635450425
819613054
524338636
1736399720
104188838
1742963081
838723743
224154666
410843447
869411350
1293137817
143020478
1938477632
1598786209
323712913
577666798
165383605
982232713
1478857307
1034768261
535191238
1533093620
422752189
1703664100
1262906250
740148412
2138207026
437468864
1598537612
844144016
36396921
86504389
1663757070
560735557
1822904110
1767945908
156214990
514144205
1992100575
567058437
1383555555
1137754744
710078916
1174549540
589057305
1033791829
1752216338
754440911
2016024543
1083589998
1789209172
403732133
469199970
64477713
2107396234
1732106220
804626125
2098119612
22091436
255680089
794779980
58488358
342184479
311053402
619223915
17604941
2078999311
775438906
531749146
1923616238
1342497343
1915304701
913887334
2052576259
942370593
1502944640
938884441
547103284
109901903
807425336
1630693282
1899111075
1211157469
2099893252
1963588788
1171070055
1684515824
620731265
1121706020
1706607261
876411354
1916486000
1765095619
1218595833
80055755
236835886
1236200774
11571418
1012274792
1767949920
1935187656
207288488
1535770974
701591342
112381099
330657919
57052334
1051265540
877761203
166954237
1858690876
360970837
2066065312
922364698
313380441
1882170452
2093434753
1997896266
355418069
1067657125
1557019879
1231829424
836659478
1174631850
302941609
916715233
1411467736
1539142384
928286651
276258881
1159608656
715990659
483547369
547895982
1417582001
595928468
878553902
1474634336
1647194009
1756315105
1641588573
1358401237
2117285943
1560170238
133282287
283182736
1294857042
79233393
133595354
1650275112
1146890518
1690615233
734620888
1983549996
717763435
1037562497
752781581
2129231172
429221233
1681068232
258006405
1588829890
249575243
741553774
2136725872
1667157245
1337482242
867796126
994307933
837192603
476627584
488412858
48110193
446429879
2048583096
181392480
729612615
1195956491
260625873
863207970
698747955
1407516392
406339555
1433368843
1243582740
1124102991
323447692
1996364322
1105850515
752668926
1529948906
1363856920
194015168
1779524150
2105410694
183257392
1299197747
1295409288
1051053519
146022032
2132601892
1527681103
634434890
33228437
1974110982
535534339
214620917
556239949
1731490830
475246791
1419447919
282755137
1882763183
1825787475
1716123980
978862275
802406818
2039571672
827742949
1908257333
644756950
210208208
1124630605
838772118
1989732358
1082557651
1022029511
1141446457
230483291
2073083030
1287468489
215601535
1453280485
1921903379
248829972
1279907819
309954070
463450890
1836147768
2041444900
938697681
1108112040
176716389
673977216
786415867
1892840369
1652839491
1588822685
1784928394
333098793
1349596370
282201696
543307001
326743327
1120973815
385555711
1409300978
2143003326
1527002168
1639784269
2068602708
666987009
1855385805
1374399545
441406740
2104215777
506823716
751360811
420183019
195487836
645322063
1358880700
1303599876
822038453
2032857916
2090015743
567395174
1538213760
1531354780
204839920
1871312553
733467502
487041617
267135906
1060210829
1608015432
652691617
322028159
1603535110
32210137
1961812429
1524654170
699197146
1669714586
751570067
1140603886
1626446715
1258393783
1891964697
2046629735
1453881619
389803113
1258026787
609997848
1211841566
1143401056
552529943
1779236740
534131168
2083884724
1984076661
257960073
669868578
323634630
525095979
1730079408
1931650062
1177787596
2052107567
1387701524
1209997733
1866436348
764872046
1909194879
1388667286
1516442113
902315117
867630354
627352248
646796167
766776441
2081233867
1036599280
2024803228
543748067
100957198
1020720636
1096278011
1880193938
1554851804
1032679087
1716786951
1812811877
1702547665
2040421581
190424208
1285143425
1824587995
1368211804
1189767345
1064805871
430725889
908720045
1829677917
192437120
149903684
1198636382
1094752238
1017534038
1825988630
1741548405
1784310479
1759738850
630664037
1661630059
156003269
731621235
534867048
1252281280
464331525
2089718852
137476719
33634829
1755047082
1840024385
2074056410
1945471290
977684162
1751160758
1166199447
19967859
668482981
1596925336
928687905
350677251
1789362457
1078591589
1549313633
736631047
2096125627
1227818616
330695804
1732952458
840073818
961359841
1247098869
996077087
1692981076
1781965917
100874720
9828953
1724201122
238351439
43463782
1331764556
2078375824
2117520193
1129752198
908576339
1721197303
148467997
928544198
242196636
1745393334
1857232103
592873887
1387272143
788340044
2142187521
2123903190
736982023
1222522489
307115346
322450833
2062596307
1268475187
1569549703
911189746
813972615
1204031972
1012064466
823801568
780749446
1250415906
867265351
2112514002
1181308082
837301896
1094782553
2089884421
411015551
1243250550
870944972
653212187
841160236
580693427
1246086075
80948731
1369033472
1240789948
57368273
2106015495
315828789
364483619
280982681
230941448
1632958806
1850532384
1142131194
299447773
907080708
6712013
1123249342
1687830155
1257127919
1990514693
1652860509
290952353
680332941
600159414
233353127
1091348492
1843409965
1104298099
1744560679
537086553
1684991526
843163106
618035285
906541350
2083953054
675403558
865073198
252298195
1039887178
1146055879
483239643
525362336
849104615
1625370838
824810110
1756185323
1632082851
1948059452
1296531830
741727122
1791090497
801908692
1032679475
323939790
1402068106
1266032602
1415288282
1097994423
222847053
1012365313
1635080977
1907838580
1855528420
105632614
666896282
1791997826
781036172
1531969480
2044296022
1820923350
530541711
380052017
198802039
1379646326
2005422855
1023612149
988348002
1490022058
824187953
137396184
84265532
467794802
939304876
1116945008
791734592
193889335
235493962
59539226
1291883758
458341016
1071904539
779481087
218695948
779949311
885113701
885592230
424463490
1666149874
270078063
321275864
1339589576
800619774
701327881
1538391615
32782453
559267089
414520116
1021130455
2049289147
1238708069
1158526639
2133554680
1706502871
2097831516
1103016040
350753815
144237203
1338510002
410293041
1436120961
1796851018
1482197581
68118401
2015546966
114663244
953232102
753655549
539126734
471898328
1023733612
860402598
1811487905
1824353386
1561730480
1202395872
1857135839
2120997569
1616915989
730782646
2022803068
708140410
1889309286
2008874100
267159634
1839657154
964406492
617913449
1983894357
155432847
1028206491
1272531670
1952283865
362920424
1340650071
1820347184
477583668
146398526
426519085
1016710403
618296854
1450252697
1877113001
282301111
1127122435
1291359833
1484696984
836774627
1264873754
954129325
1567557273
1140193175
1662269735
1309382911
1001583627
1929429369
1001556417
1965990120
399859171
837967126
2121422967
1428065662
2110498797
1926223184
1790986086
1303665220
1599086720
121086106
1450063746
2025605805
1137796509
2068360601
1328374854
867425863
203178064
308013642
11302048
1687875048
1144788269
1276175803
494520725
564861894
268885330
9306813
1874244806
1270468957
1938736182
728317575
1088975429
191111705
1566284702
1062914748
1619177367
1529299851
841654285
1262679805
685481423
293257357
1383765912
2135545170
171379515
374078773
2056422123
1499754369
1241504636
112116539
1807768011
1252806685
1799991588
805072632
381498840
147028665
1369934527
650384170
156335478
1096695685
1920853127
2095071661
1825013260
862344909
138699718
1243814314
1925259657
1757877086
625630517
619430294
873073243
1311111941
912687652
109355507
1299173463
1084067167
483434281
1208111938
436337888
1724938917
1320228477
96622252
830261954
972736417
901694884
1211760794
1119765083
124145763
1862144964
1276100561
1220841448
1635514444
1223688574
898371061
350375705
1362388293
2142185375
128151714
972781731
620332245
747582009
1845854974
1931444186
1660269661
1955210482
1083134001
596853180
291161115
143762291
1033191068
2016100032
1463990768
1129813320
698878339
289243538
2031508205
1910639133
1409008621
8170320
1625300450
537625534
1229011769
1113331246
1761314109
2127382830
1463706951
976218754
2122084557
1591858665
1949000485
594933154
191957026
1647371811
378893692
1852226687
1455098645
1462027693
301596219
1746259760
1605789984
1334787288
1614876145
922297105
317116960
166270836
1211540643
201141517
2076909969
473065616
209311838
1554726771
1010691150
1438323607
520574369
624521611
1418222789
1984281320
1600740365
1392823698
1428656338
1402257202
1987756853
1620613364
902145366
219166897
1325356404
209760363
1681194591
1626952623
1956020124
1139500927
814256263
1423412621
2061798032
1131373224
1589683457
1125855027
1332514741
1519109778
1598920643
1541826579
926352902
462128146
832666538
1446927271
1086649757
103405679
1283724944
539906475
1496229378
564897634
1942163677
1336502583
38027350
696825395
1555669480
1363383754
906585759
1089380423
842852730
715122235
81397703
1657108993
2138534856
2143195735
640998569
1580734665
1121567115
1973513311
952360795
573004110
1367856242
1878713697
1035132256
53039133
1178157321
2121782014
156444812
314398617
514204841
1652674190
879296251
308884870
841693125
917323601
1005710266
249878958
133223708
1912296025
1339259381
976076438
479934612
1420657084
485701783
470985820
1416369172
1126700353
2051720485
390452639
952730016
856597632
963456749
173102610
587827682
1998589006
226141743
1765985003
1972887372
382586556
2080383620
339608565
2035260746
812196223
648493435
729470224
1729519824
1654203701
979349182
1862743532
1419016078
171124915
691336322
1898950690
1591782000
1177038106
222452862
860667524
156254811
126689699
1251120163
1108984827
983287332
67093264
1282087437
1571115014
2065682270
1508229181
1189616369
1891085994
1890815737
1122516341
83210911
1778592835
1934712564
731704347
360579411
1516748740
238424400
1339928593
1232008625
1657440479
1511053509
1923344947
1408907521
955351861
952899405
1631360384
1816019385
1109154216
1758050083
919655900
70655395
593853767
986749164
1352742833
17485133
904947787
713488366
1207101502
648550133
456820455
182134195
731761045
87929642
2116846759
1463465392
448509054
1486111852
1701889792
1788437647
570636829
1211846623
1152007508
346498128
473270497
2107359369
1299397534
2104630881
1775895106
261068102
1715197316
548067358
331723498
161567436
1534816523
1684466331
179052569
292280662
250471049
1386154072
940830795
707291504
1568288267
1672591840
795221146
1537651379
988573584
1243730200
876279583
542979729
884684200
1446916412
1754826352
2036691708
1793414540
80613201
1996567430
945328426
37760434
1624978888
1206396529
1752957751
25562599
1538120027
1914525187
1560379122
1075102710
2093577756
1852659784
1325573759
1332248180
646006931
2032865263
753052800
171115124
680602761
143220531
1159688708
1924332962
1019500114
1702668437
661533514
318932878
1310011142
550741574
2112347418
1390624343
399825356
910192197
1428384778
2024804245
2116588726
1033858881
2050366844
1507225105
800900420
1463262318
434844167
746994528
1168438454
1760417926
2079242709
1814445385
1645799541
684811861
1985560509
178918654
828032392
997765570
2103251616
1847532506
552950359
617301482
18981736
1862961501
1168043057
2131329154
1106102197
1567868413
894037703
387003327
1445189010
863142781
1420862208
1348072206
222884238
74278980
663850876
657728405
821273508
1832289330
270662683
753032569
1499251068
1916462224
1437844430
1337327929
2095380879
118393174
187609851
2051148847
1965925680
740560211
520966682
1984907416
456038064
1689009739
1968752923
1562140261
1109394504
715306978
1949143588
407099867
1578449760
1222522148
1755172073
1801333998
1296801128
271539302
311578756
2118074637
2103828632
582241439
723623558
1455596052
351220016
13984341
645440334
299117247
132377515
833050185
202782446
2098303196
1573610396
723749128
1935726964
2029648461
265275219
1756996239
1444305074
1374669724
324819570
1245965015
1781769591
1903269330
321003515
1389458016
1557119680
1617804644
1660997318
1868698436
1588395633
1617342303
303456228
164535543
925454707
654676244
178519884
1570895041
953793491
310897400
256461579
1156575937
261716948
1830071975
1880325066
49960264
1712236788
2145600285
1806956504
1009058215
1372786361
2131776074
107539582
1007072304
1887561756
428543097
249046673
1297197788
2046347741
1910043991
1018412577
1487259726
1379902646
1321868805
1651795270
157873706
1976545049
1830315154
1728768747
782854892
2141212554
1985230326
1939430829
255445854
1667818654
1672272247
305406119
1232571794
1670388885
2112362623
94146361
895691598
2096655049
201685943
1902763903
1836733157
630229041
4326928
986447297
529093134
1914370919
2004859874
2016352861
1146789918
1179245031
1520664483
1304663624
1008306432
1203495989
885948723
1791161324
1197224896
723695402
1583108506
1452670750
244030408
1107897105
1758076869
1476602202
630802342
1722955844
1570748564
1526493941
1672127245
1772434507
1281774196
1361376754
255179900
1286101124
200340404
784273035
1052988395
57716630
653142248
52294665
1236961662
26323083
1356958289
97784446
1229819072
95423365
1888945771
279560320
819118767
1324570629
1732231071
1063149175
284984086
1342824292
392267729
915786429
918296489
1963016293
294796722
442940086
1587967153
1576570918
1804316841
1843147053
715188394
2004657245
479936440
1768176789
2062373875
1133078688
1820471455
1151851889
1159401771
1029946096
1249636336
241737196
1125369461
991098459
521297516
1944488228
168185440
106044939
860153755
453169526
1448869232
1252421485
1368955955
219682073
1067954130
1663752677
662622159
508437635
1092839947
319455352
204101041
1808028341
176628949
684037481
1428721483
91519177
1817116170
1101709290
1243371066
829034293
2131655386
345523754
1070771489
1109541200
1336622213
1592069006
906545780
1504807653
1698113945
1766699536
1957977180
999499529
871637373
1179449487
1219181602
1939591503
695718517
1881803762
300545491
1788558464
53775466
504646532
1449103158
230404416
1188684013
730340993
321923593
858316535
1832050283
1565294659
1687350829
1816222021
1910818414
610638670
778279573
1099956979
55224028
1684825354
457280985
1753337974
1304041242
267774517
605353855
28194967
1447224004
1824535458
1967786470
2142942521
1558855572
120848313
1784017338
1612631038
625494845
1085636848
1843035454
1814178859
1815977841
17475399
525011746
1500544476
1582770059
64878927
1169282849
1346104825
675517598
1947562423
298578156
730741626
1484904129
755859141
336595952
641461723
1023633658
941949808
669656690
323374015
619001618
489959512
318832888
30373542
610807826
2102850226
1643004580
1236302671
1041003426
1338556387
902997882
709497619
1356031786
1428009629
62558447
791318197
1492888556
1231841297
2137423022
20922506
1031920072
288517531
751664133
369340553
1044376672
1088260085
1010802276
2068010331
2030209893
1680458966
243900698
501727863
22934830
562733586
532101405
633742656
518100165
27622338
1870045328
1559103591
1366178725
625559562
121117563
574726863
2053569191
183676010
1366045061
1398974100
1415517307
1355984435
1419896606
299953731
1644501966
24077091
669294284
541394991
1112337177
1680096560
461921674
995063422
1213071878
705822372
1496791286
1236006709
1268555958
2028892691
1869749365
1786656123
2056515029
1592311045
1198276067
1275210106
70386960
1319393630
1849936970
2123956151
1503069640
1068498383
1375446603
771103300
276999170
647859562
1071057031
1921501137
671936653
1740351316
315412480
1784273830
1272964228
777334154
631853605
338552459
1483156526
2128644891
1574559168
604228836
2010053934
1296824885
243401312
1919085316
741652283
1441677379
1046811774
812039243
613587361
749265096
788511746
2116657001
1817763479
16474702
740276653
2094762650
664334264
1811333685
1868780139
1336270917
1404201353
36708971
973061100
529681933
814043125
1604914705
868234392
149716003
1586075948
295309912
753944839
1448646234
1592134798
997346151
1220247902
186303433
291539882
119576029
998342676
905127243
868841125
1786854422
874300597
539120957
1803329124
1614577250
486399959
320179740
1278427287
207696450
1656450658
535144992
244405421
482028110
1064826926
1058448546
2086942815
1933061318
1208164549
1525535115
80887583
1962109388
826697701
1673022381
811971892
2046945604
1859325814
1103511774
19037985
710184842
2008639018
887879110
349555616
735455967
1427000067
5401093
202549569
1913400026
325580833
1480976857
2121096476
1982031491
2016121849
218018249
316575953
933465127
1276466795
256035120
719042798
337147696
1781570235
799930381
151773437
460784289
325469114
963745329
360246245
37311280
2067257103
379284230
747496122
1928412473
1267163340
1097051738
516384792
546679760
1102452831
718934362
312596138
1428033665
52427571
286208967
1262581508
2068549420
504227216
1579157462
854530900
1780694012
1835192582
1573573698
2117841708
1469279170
226020431
122131497
1930063459
551489545
1085876826
142826056
588800825
1005650282
522110286
1336296947
786579107
1789273626
285865037
1302963900
188469738
1388317869
2021898262
501065877
668867886
2074325833
787274844
1931449394
1995391605
1291502060
1363123208
702438857
924712424
1050832143
128528907
895070485
372627665
354549338
1017201982
155207476
906038883
2103078809
298033532
1494839708
961245443
820143818
683653007
1747824550
461933796
969518045
903304802
650403535
210352266
777719416
1151469412
879220152
704561601
1938744256
663185898
552469559
1082762668
2026309107
1254908416
2007475093
929657602
1383437324
755061930
1302285267
1737986662
1772263912
1457492743
496541898
1727859073
1755526275
1991381606
541620868
428186445
527550966
141961771
890120241
1497069011
1045266573
1540523776
1707421277
1822985990
544509540
439157781
380063943
335770148
1102343679
932533502
1418532817
981169138
39958271
1278524262
1910826740
1423395595
2033586192
1065628359
1013898609
1658366456
375637454
1510440507
1238741882
2131163729
1354338466
1780362750
411866526
1881889432
1922324521
1301986768
1231474795
820107447
695026896
791412424
495609789
1239536437
1230570205
875673732
1575306585
185430236
1808207235
846355754
1166599375
1848165506
2124880016
929942467
1124077453
2010982560
1995570827
2137976062
1521865369
223724633
1500932922
613123603
207404715
707787740
246002705
619271241
442193524
20843579
1921258009
1673668319
840951026
468801258
317597095
1336560815
1708337695
1548167300
64750899
1136160632
1733597536
1872958134
1982516387
752713263
1573639992
1959912755
1682655731
550233797
1823411668
1530742910
540726212
1197793389
1754467543
2041659134
1810916992
1961872258
601963226
2056919697
433659852
1044156750
2077763276
207434213
570341421
771230654
676235471
887938516
2107791469
237089518
288622168
25058721
1373250151
2022219704
1898016855
1208282890
627449320
1324173200
1020711997
162621403
1874406997
696640017
1693364313
267649561
1894433406
1300348208
161825047
1557866750
1114736819
763788273
1467302800
1548396671
1807945023
1397582428
1755830884
230802796
21329435
284582708
1118741312
2129120904
521672226
1407363480
6695977
1894922377
1282099537
1904712833
955721619
1909548857
1081402385
1976433617
2072170260
808325734
525589986
1618050925
1075975296
272539745
770915485
1237800343
1830406495
1885652304
2001588617
1150225647
1286565327
1662049992
400324428
894912564
1892852789
421653863
1179495272
864110453
403291119
1701167498
123990286
409987097
1448606228
1406089823
167216282
256844199
1168155032
1248618667
85794168
1092841644
2056944401
611384155
563408921
985436049
883923900
1334324406
75752745
566846747
1072493063
2077341362
1717072395
211574742
1591907706
2117396823
1106487306
1337276847
391567038
138498930
53903653
794858157
1839666429
177893939
1204845254
1140789009
1583983762
1372061536
1397633208
604655146
473196555
1483427377
1697496790
382657309
2094811532
113422063
1368093358
831251784
1447746469
1443846103
1398098531
372755884
1373703817
967687278
584330627
818127876
937600453
1690817933
7921075
1329167491
1829316864
61824728
2124025649
1521499645
239718667
1181387255
514805006
1823702429
405965144
1912438214
280873927
879161699
1248381943
1978370717
1261819008
1195709827
2091792780
482428719
2026961611
1392055602
1926274822
1277576495
1764811486
1152494992
97780125
201658465
1970622868
1035380579
1892476399
1978543943
217064422
1574309615
2040368672
193606423
948325612
132603691
1374993679
1463130618
1956306121
1780958823
1228085184
89696400
512636874
328983480
2068067118
1774455883
1524693307
2012376250
109400954
1404171271
1256948204
2035675776
534264118
874276043
1040687120
632044243
1075934508
863826340
1667424822
820927259
694886636
1884489245
247753226
587771660
2078095668
1196078838
720375351
1305605699
511725808
529197824
939080874
1739810993
618894225
1451717749
2068794473
539477695
1078689984
1446004132
404370297
1188090938
702691755
1661318502
1076283066
1236955873
388110897
2116970187
1869000117
1464045405
833312879
1388941291
137489017
1528199515
1125946888
385242243
2115971175
1056558909
1581321082
688862879
214680960
2093046890
1218060703
1153761835
1685374235
1836954928
457995936
1606685060
228948975
1536685920
905205545
633319273
577293210
1607897300
147154127
1653576276
697369526
535265024
1623062815
418885995
1999310429
308892047
1807827286
2136799446
1837091562
786290527
374558042
1805579090
1842849436
1955879124
346958321
2057530396
1901442366
1565019024
1063808583
1439332954
1254490305
1521804519
898534366
1483439280
911006791
1803739911
2116758553
1488300001
1264153564
116429032
994392630
1961523090
651694056
469971797
232925437
503520838
778863844
2040752723
492836636
468471759
679559602
867394678
126567201
374925390
675790154
473525522
284972139
429748873
2038544546
1348780722
1869081827
1145551203
723101594
620132545
481506836
1634108385
276388809
450781741
974924739
1540542373
567210774
1969317369
1354581815
1218904830
291805518
1587507252
1722425668
1070669363
1480776327
67778657
1539141122
12852282
935173335
1665708323
387777672
1610963490
2139233845
672749811
2040712363
2030294743
2021530534
1762310542
1028362299
597148480
234959439
1509869135
83773217
511348248
1960650876
1058697956
2051890621
380378002
880531677
1258988788
1599282833
1172337196
699012392
1174224853
95522911
32305072
1242003510
1634664033
45157354
29693198
1152888708
432935026
1640656688
1144638905
1105684838
1533885403
1027450000
979731724
1148712297
2055812299
1576880204
1383671736
1418197786
1660653421
1895019985
1231365015
571867730
1799426958
1611743017
1452399407
910932099
1063542202
477252955
1609944491
90283408
572775866
1642249563
1332286918
59956251
1687406917
1361980116
1212844959
2120341944
855153156
210000216
1078543134
241554911
1237450217
2058274858
1390267208
1145778868
1487671414
626455297
416493007
1000841187
373991634
1647858022
1572708917
25934944
1112117391
877624677
936867043
28175946
1354877632
399327887
118459354
1927653499
2041577450
1450746272
1987609750
1581500720
665242741
1052971062
1554359016
1520395897
1262971278
485418502
1761950809
352937847
396209712
1004734369
1498716716
1883881126
1631189666
1915209723
737238665
2005181300
1415584097
162463935
2031116245
380217840
1040088612
820499640
408393786
247482596
1219827527
526853140
27652447
1113921330
1977599413
2015262198
547938402
495358506
920749612
2102297418
2015754403
36237242
440232272
1630221564
389175090
836441984
487472286
1887891806
572839462
2118661952
1655617881
1310078127
1976359605
923718330
1472542062
1859992202
1303936170
365147026
533008194
1712329957
612629623
1752835722
91699449
640282070
719273404
2069298862
508060620
1267211806
417173720
1428810232
1222025576
285444476
1465047475
1662257848
1915666040
1854222565
351216184
255654678
1594630723
924055646
226832983
1102764956
86650125
55708940
2026483286
1559192188
1915701142
1182935808
1924339214
301225688
747782117
389485189
2054061410
839481567
1029767260
625851166
761296781
1537827880
1893062972
1178470502
819154465
967604900
1463914978
136718292
482379100
1232097370
1990940857
833595284
1487752049
1438087932
1757650930
1714585032
393369240
1844301056
1770293972
272368878
1256009596
1538511466
1455304686
1032865162
1839737154
55603156
1422350352
1746314917
895084723
304633964
224682435
1656381504
1842461844
2117745408
687368358
514132661
937866660
3799688
650850953
1420245761
1235897059
494308162
106357397
576165460
1932396094
1864008328
143266844
178281686
1560825736
1913560816
450650564
669351684
1304588634
1905955251
1702216846
996842140
1961558407
977083550
595673409
709159482
1281717514
820355845
218057338
976695711
790617605
905425697
1490828372
1728484265
909225385
2141679326
1001246378
2145122444
488503840
1107603776
573804256
273416287
824128456
717071100
451697973
237470544
483148268
902348538
906822228
1787736902
660820141
461555426
637095395
474894900
1438638977
1232768804
1184054382
572872843
2053124649
1402111720
1549568554
696258606
160053769
892913279
277259224
1069279155
887108957
1278505602
1066917951
1375612797
238625730
1640722208
1649029084
1062754186
210309660
2100727058
1300224730
693457929
855591948
59563310
333711183
1516412089
521118737
970806578
1991306989
1959757714
56091735
1027877723
385146909
2109216384
282505795
1934715464
657991343
442559565
680145095
935250567
1511838720
1567254052
66272521
431273023
795383201
304898252
2071995231
296928638
1367652438
134821244
250172048
520393521
828279173
1105763996
579956831
1161990356
474692437
1101075568
2132796935
318515778
913349634
41405022
1346393501
1298496544
3137758
1628899296
1085728360
661129101
2071458861
1765873455
1596379668
1435813933
1185643859
1662652190
1867086957
1981027060
1967550442
1791598540
130472050
1187719232
1926419784
380644098
1708112753
607215309
1486408094
140585937
1769205666
1961100531
1241661505
1754518953
132132661
7527492
1795923975
1478526162
1306024036
1799061733
959941811
244268748
312707187
883917024
2010142203
1909086855
172247310
1048302414
1424255397
2039334267
881845826
1244322191
1683449159
1012317877
284557776
1462385296
1392961975
1992670529
2069600605
731886422
2133256466
1691322623
545503305
1227434324
1298357928
677635967
1234961816
946798255
8678481
393502204
598376341
968620292
637770952
911083528
1852537317
500429507
672686735
2024784627
1548731921
2096942133
1916635246
283094099
1193780676
1452600757
1295411976
1478338452
767502405
540890304
1323525334
689619363
1272776726
1309298152
233458338
1818280031
389248828
1531816267
348432350
1624210644
331130874
357110832
2017712848
929507215
1325731124
508000152
1840590743
1030784793
1008429659
365793831
908085772
409677932
315252316
677237370
692772032
1509032992
2129838128
1988184008
839887797
749856885
381590664
15929483
1439476248
1654367390
1325227635
1672934587
1325163774
1714476464
1057267206
1673596124
1191203460
1388398080
2030706956
1061432661
170421648
1208954433
1569432813
2011012391
92255578
430378825
229322574
1000341351
840056757
544574890
1677578721
1532828789
2053607883
1659933201
1373529150
746012032
262306439
1755119814
761941515
1701782687
1262003557
2087169150
1227233626
439683683
1654161966
137017184
2113279807
697881779
1525415265
1996503116
1759314440
1695836913
1057973901
1181263605
1559365656
1150229479
1611642430
1788688231
3087182
304215540
185779473
1680665904
1837044329
91903708
1193115457
1063089831
837915740
1455421896
670725998
1599857255
1009720936
1932729555
1539542758
89470914
224929590
1046221076
226488099
190725749
1744102855
1751903364
39745217
1355933647
1300256629
1097719118
389713605
712138637
100464950
2001356035
353343220
103552132
158087927
539122694
1784218036
1995132257
631026402
829849846
910738440
1468942143
137788094
1581464438
921315750
1147509030
1366710345
313374860
1236979945
1591639935
1359595937
1463468044
1782365685
956215144
1067887760
1822110902
164665144
220660741
772346373
554378749
932799378
872811323
408251136
1286142599
976363455
566339064
1825265293
613097844
413987673
308808047
1442947690
1324726113
1777750190
1580735784
758706904
551582293
580761167
2125417249
864957153
1817741112
1569573537
77069442
1133725508
1204455574
1033284587
54129620
879082828
1197949731
274790361
1651429201
1752328480
1207589739
376756876
13095968
346248690
1353120332
579435032
24030335
1966218176
993422705
332838383
1261682218
170665171
2110588573
694934354
929372075
514687218
1275695521
907305676
1379644372
945952985
329395565
1456713814
2079678493
1533851139
342514753
2133808113
265450320
1540464484
261114826
1916879521
1145309316
1468704566
146152750
1158405285
1814953256
1499273082
1737840317
1838983592
1318007610
583779375
24338327
432206180
754444546
2134926900
1127140534
1683816621
502130471
255352408
443638649
1881774843
1201305393
773034215
1191005009
1133500239
159401706
1533519763
1119824704
424852026
926500599
1380939531
194247900
2071809916
702160449
340400650
1082731553
369630057
1839673732
673088222
61130001
1010197694
1256867597
85468328
1442403874
2011312143
72911581
422060760
1547645116
575042052
677413168
1991283766
309333247
1878718562
616834333
1500338256
864735153
776236039
886374371
1984559857
1201088066
1812874971
1218015740
1395335966
1737201239
1920176189
1735736616
672449144
142322599
1427926700
1345537366
203452600
290640746
454921316
288920929
1733044620
318749811
361832510
7621732
1866394928
936874562
685034901
1710195046
1246207809
416269815
179545731
599062417
1281004968
955781770
1485436789
1118081177
9386188
1150828112
188613270
1404722154
740545703
2108789459
992975122
1412994847
103628410
273418174
611048565
307081011
564058920
1065969881
596001940
149619892
1384719693
957834450
157241625
1103630973
1894709012
842276526
666342371
993433173
1258546341
845888102
1592495590
392067661
1801669872
930448731
1510148838
1811056061
2081276843
1698762108
1068294567
674338898
1660067920
2061269690
2087333745
1763696330
187204216
550898663
2070777341
751263137
1616868544
519295633
900883029
854104589
1477130083
1058124654
1957735562
1224355447
1900401180
476594285
70304972
1011463873
1322482387
1662800563
1403531534
976668612
445765646
766196725
640241025
379558842
317475185
1708535592
1053897740
1977543105
1622321634
993747838
1593755788
1809525851
1544646501
1517049481
413305340
1014031397
2036345115
1314188369
1868135987
1365991550
224829376
1678387901
442863350
2125230556
7498539
513168322
989210782
1329980926
28485237
245258668
159165890
474250884
1011455393
799406915
853809726
1328930579
360458860
1907707466
1158990036
1982780494
753971656
605262176
1644822697
151134509
2122311658
2058128037
1165165907
2011173125
1224832759
885818246
1229681027
1449662135
416722499
1672544377
1427409043
424221038
38229052
269136177
1754201965
66714289
514394846
1913367855
540965173
1525850239
565291123
1394774899
707297170
925749983
1154998718
1866287207
761046829
1908970374
324065735
258385879
2060104884
298893745
169030268
1077787143
162583222
1393863027
1963605389
1392264250
696041514
232844240
917324979
2123450558
657065279
955554031
245103087
263783596
1022268321
759497933
29667803
1563233494
137864525
594958926
810524746
845161695
1520708909
1965523464
563965254
134272091
1727010190
888030990
392657970
1639631426
1186924735
561688238
569934921
1349507958
1955551266
386056662
594288560
504109132
618900903
1511613539
480076042
1275966182
319683923
725179130
1539749778
1341952244
1484677063
1569417581
757702090
1622541588
16892860
1568226836
320219636
1537601769
1386266652
884184890
1671873860
965793195
1772215880
2064531830
457940973
811656968
478736421
1027875895
13681278
286804039
1413932557
607969838
790913171
2032833460
2119583377
1270989214
1161315994
291783652
1996168344
553582124
1633735896
1333361759
2122999706
243954339
808419700
2139892566
1812181175
1128639336
1530010687
1050964180
2012824226
1054400900
2016757375
1637556459
971449082
327214700
301729779
1450185503
1355090595
315411057
1736989542
621539505
923380895
380419066
506889317
895480624
1651408280
1668205312
1187264277
1500092976
74303788
673516525
685971087
49819846
917470864
1494390787
42228764
582168392
475546475
1572239452
1633132572
340887054
479156704
1502406299
1978443513
1450605786
1829620999
132689644
753307642
1037227947
448100701
342813536
1658767452
1371481596
723232602
18173121
119478572
227157234
1686378433
1306742849
1727250210
1760682222
1980259375
265737650
1810502068
750246591
1760128437
1852730833
1332414983
88191265
1277486637
818063907
429078319
1756643341
172986558
260038184
1059765479
2002607558
392727828
1813073121
892351857
840828529
8403010
403635661
64826477
731635612
421808782
184305049
958792847
2108187216
1491047899
538559409
1721385790
1323823626
804297059
1384404210
2074070217
416941849
1089651395
1259001553
505133114
219654384
2077065460
934211433
1976297725
102568371
1194249617
888579557
2105175929
1586977445
554169030
850044138
280322326
562572040
1253679799
345148803
1294207653
1675488581
529453852
105516852
1636192149
2020501751
644076261
1210094291
1196841729
1448373321
447014854
1123428299
1865315170
1536666249
234946204
222964636
1756320634
164528016
1157176069
1585134711
267096387
203942038
326230620
224788668
1790919483
880399651
1074832806
2071241809
1442971691
181028957
268906964
589695696
1856517539
798360816
695212548
1345226040
671378920
1339288810
407836684
1868220649
640178483
854851538
844165300
358010005
244034139
1079111504
580974641
2000354773
1243639521
1738150710
1438005837
1510735908
1942092748
1764236457
1735524577
1585528583
497152460
662873735
1509286744
1940124152
843902693
1778193708
382336200
552936584
429070876
1077548749
1898162624
1100449796
269353911
158515660
821186798
909532394
1013367198
1665352098
1267542399
1257401338
596979955
1848517040
1110272463
1840619476
1439184102
400794652
1203871736
1233793202
17547462
791912665
671838137
514699922
1454786401
33641233
307340426
151205446
1811834941
689676627
704142030
93422169
1767225376
454821006
1193871966
2036579287
613336667
2015058764
798628033
1626703865
1532927214
2066170432
736621555
2129907169
1767203824
1846894019
1823042997
1058904278
100205023
879431086
145213832
117752485
1671343751
817051969
632452408
978646504
850693202
939792834
1129851950
515044495
1629469461
1833993980
608466664
1249211189
141331339
1802338630
1138306828
754668006
1669913746
1936934861
233888223
1055357313
1855621645
970509779
1037780834
1475341821
669920150
713340184
386762451
770125173
1592771270
531976283
887877659
1116631373
1349028252
1520330067
2095277878
52237806
312639253
1077646180
567282301
1942108715
764156513
1175748966
1043836256
905487852
830603948
34659437
1660155858
353034047
1971594298
1894044081
1408391360
1679732296
717070212
298688546
1007590469
1386990362
1012028730
1394352921
9631888
457316352
1926329204
897509547
1573947726
1127873809
270355966
1521741956
1180111615
582995219
451904488
1747393917
377620286
1216061001
775659235
1421456543
2121548853
1606263183
1456115980
1634221063
1959297230
1280226630
1380781497
1220204942
812475278
2097851709
1518893489
1820065748
1337358424
383438571
1066935021
1346990312
840754924
845780577
97016211
267219002
1973654386
367372177
1788960958
1006282354
950367396
93381798
606192623
1327987683
1309442800
1381851858
601960578
1283508005
840631393
2058076558
770245421
652444976
1190819540
3543270
1872649918
2003294819
2101394979
1244059759
1675876919
1291269755
1627498331
595328292
490776419
320769607
1441108869
587792630
587988609
1267279608
955164807
229465919
126078314
1905532204
322847717
732270937
1086036239
1632290517
2114122795
1687996817
768314875
807270540
1598589727
1538560296
1459715516
641925619
1542103566
1184881787
497736790
1496014897
281457898
26130061
639801005
1908956229
621458353
1130577424
82242188
2062567223
1718370055
670230797
1182363183
526051214
899696716
1308441497
284099770
1222544434
2040712434
1370136009
707351303
2007351581
910649178
1475666178
667138473
361755257
866742826
2126853990
1003680877
261362744
1164252129
1501417667
1757377642
1445710027
1527547729
249694999
1207182609
1522434
1380272423
1289424797
2064089657
951158830
1959655595
1098969192
1477210045
711868663
259927041
1761309815
1934413097
153155827
983962177
494280753
13023760
1894611355
1969946931
680162234
108882965
689206110
659532576
1112563842
950568854
1823784705
466497861
560462848
1122011084
1994045590
810157847
181710045
1995568025
42946623
1471134843
1912174034
994105453
1283306790
863659579
323831850
1995175453
1123586620
2085141666
1782104903
1276742448
921620195
128902008
1289766208
668747902
2098848939
1969928442
777630867
640571401
481977370
1890194709
1591140256
158278427
209208923
4119456
1280289512
55770865
814277304
1461999557
2051338890
857223927
785650752
1816029277
1851329380
2068957542
532205208
27677583
1916649348
1655791828
2112819249
1551270603
785050628
886955796
1680172611
2074816837
1555703698
1631537902
1897261631
185850918
124625656
231755354
2076045627
1715765912
390033781
137770902
1719885368
1670323293
193541768
386679024
984839203
97397010
1243902951
1770489955
1913426287
947748684
1691963850
298147847
975426267
1461129550
1953939676
940761868
864916505
591506656
1827717664
397605468
518839845
1235937714
2029143370
268617829
1421788632
6285378
500373183
1350350612
1722051290
890406964
1488121514
1294453011
413246610
1681663282
1681132035
1398085813
1779060293
777551339
1021092120
1545002932
1725300023
565572322
1843150780
553242642
2026701872
1649606808
1494004510
744134729
93629816
1174238526
1141740197
612469662
262692592
1023399920
881087491
1684481225
1029685298
1381460674
887348189
604252941
124383990
227986055
1898705952
537630600
1909649338
1432354339
1935716413
1541225983
62422030
809324886
938745267
1787722053
1374897208
634412399
193481047
1254115433
136535559
1687485557
1998250162
230165376
714240435
992506712
842635038
976933028
2015906632
1723722529
513930605
898108282
957699555
1401278794
1502361223
1082083545
1629264849
1253583527
1619714146
1391430539
538454219
1407946911
785172874
600876249
69788149
1723918142
241114655
1444685358
210846893
434595702
551317143
347382453
2122081260
402083657
577547829
688838047
1394590369
1420182867
1665771075
1263013353
996421748
32218032
13637988
1954121303
1433496826
1515999211
888721200
915278028
622099091
360951698
159224919
1160553310
1768898610
944397794
1761429559
1838686759
520832288
2002544214
1135888469
731679181
289656269
1687205612
1079061634
264253881
2089289270
1656609463
953091928
1336395991
929308682
471379356
451925697
1925730430
503597388
465563685
1732368085
1937094215
1981562896
473605638
704888595
456178339
834557336
864113514
1616731649
455972298
1808511308
1230677561
147175410
181859948
1085738127
1283063879
913539130
1375394396
822785844
1992600764
1639648277
764591466
1501726580
445256558
2100987457
283551614
916635914
405429506
61798397
1420233302
870993191
1794166482
1209843869
705072440
120288472
1914732464
1161250779
954845809
631362331
630498781
1410818107
292389991
1861176342
1557993517
474249940
799430821
693573749
1387789070
27341570
1516359593
1232906186
1666989847
133467411
587149118
2112246405
86971220
870700733
881398671
492400727
932499130
154148326
1363393918
579181964
1363992195
2068466358
699470437
1131241012
1082233490
1654316246
1762603343
1712732271
917650705
2054993334
1426424965
328160575
381759626
78372138
1021734324
1769548696
105713708
390610269
854971235
1772703556
524077680
1442120353
1737466313
611048900
165337438
471381337
1103449627
1097836568
625529663
319359898
1677018533
1989521858
240342608
229005322
973279222
1322576098
1883321568
588398917
887824721
653488625
495908604
166766038
981649200
877668230
245138177
2003383524
499733279
350851885
246510145
1354704514
2123555441
770587825
649341219
1713538107
1381636726
814678658
37435796
337602705
1912515226
662965459
656962603
1442050111
505003669
897305212
1671055433
1478282892
72397662
1406893353
2066681809
960222384
2060381979
415106765
1126988422
894547531
1292774996
1372126599
750447408
1792508275
1722978485
996957553
999729141
1699050278
1767545379
1649070360
1265104737
1001698457
316265370
1302540533
1339301162
81296949
1965505992
1996263766
1523347060
323026014
746085330
1046918846
1801308906
818482992
306328551
1720507067
1778705376
219226882
2135613833
758210151
1113774414
1280905181
2130336750
1864221822
925929808
1705831587
713695727
1925658949
1257398218
333757458
1427245661
375019307
1335455915
1743511032
1677559841
527273430
1824807981
1495582185
376053548
1200671393
1818608199
1122138878
100106591
1472433457
1940621870
406435143
1045456877
1571843599
625662025
1033587062
182570102
1739436439
167008595
165423204
1456174613
1092938403
1871254792
22386693
871113704
981169362
356144151
150875717
1356188669
1691600067
1894386749
886264862
71389849
1571711082
234363400
447443397
624898828
2052971599
1569582275
725005419
1377921409
1362720497
1131440562
275894638
787080448
1757102588
1309481700
969650550
1349055379
1476490295
1135073755
657746345
421945050
858844899
680133038
1293058754
1840014261
1036277189
1443934471
1048719282
580393608
1190837573
1934984145
651783457
615065007
21863897
1099226854
1239963835
2074835496
521325481
1964969255
1305273257
1884045979
948926169
1581167895
523642779
558545109
743165947
1493293330
1907600489
72172594
480883437
417863186
494117644
1339728336
1097996224
1787176398
1032258949
2134273413
1083627222
2080978231
567183374
126981147
1868478728
1218966831
742046154
1890342625
170710038
1982009990
1817694474
692035519
1799495597
975484083
428597850
600938118
409168331
952240630
1159483228
1152334278
298050312
919600069
1224506873
778933749
1337463255
1718624517
2118662085
287975831
1358317268
1003437386
274765596
294460842
936931969
841948970
421441989
657927050
2060915802
1163488143
400786027
84142192
998014485
70996853
776177711
650026434
1046480937
1204775562
1250964553
1455649268
9532544
262964133
460499898
307582856
1182564202
1685006771
1086516605
372543809
1256147641
1057695042
660519640
466981261
2061132428
935285236
761442103
850580749
1777234207
1182884092
1508507799
1690666361
198888587
1909293827
1774808553
1196903073
1980290680
403502616
1846929507
879287969
1608278178
950410412
187453589
1617810722
1213374545
647953488
1925393578
248455099
185476611
864426535
620998908
1441624252
1922121577
1281518548
1908605513
1835770357
69320137
522563968
538867459
1846554344
1705448060
2047375258
1389737057
1904336648
1809185437
1017061962
953756073
1641992470
1420564578
653201932
373796791
881359109
1603612345
561250381
351686183
669503242
1209203869
129596114
917958342
1394680480
994022649
1538957250
688821085
768660579
672992151
449942950
456947288
742312288
972506919
995814747
441382984
530471331
895706358
1831120041
287324331
557408147
700698355
1241080404
51916969
2121262933
1894282337
425713761
855138394
1350411034
986964142
1206824578
2019914276
48684363
1336420692
790388970
1443364843
182959693
181862573
2132185928
951620272
854854724
434645231
1408567561
1597167012
1407152150
256898660
2038549996
1937623481
1152605018
1722186389
77464165
1710013166
275401096
1318544569
1761930135
249180381
1065343258
40160248
1104318776
268270644
1027124390
163659706
140701273
1075808753
1500080398
931090243
371689949
1683040091
1112952816
356392229
487176716
1967807540
791037460
1895744277
1417490904
50705962
5159289
1308557252
1988329444
1157764308
883259993
2065793609
720293826
1158661089
1236854530
334740313
1407841471
154714141
374900562
364676599
422984785
1402024952
528336305
563686058
330350058
2028416703
1494776302
702040007
1563973146
460245470
1058432236
2051149862
280569363
1849469697
1799410491
1698060267
1900175659
1804569781
859133872
1741021455
814850441
1742393865
1659331416
1535144267
753571307
748702299
1869884580
13929130
903416440
97301494
378605729
1326401225
1499326447
906942034
1890087284
1829676505
787875089
1237379938
384232864
204364587
1697625408
1442665100
108030802
1978194771
1144651149
1907441293
1528771391
897343161
1564527426
240421615
490880968
231894219
1982815480
2728737
1767038486
588903139
751431036
1489439419
602832269
1654847476
1586740913
981437998
833765053
938583712
1888380032
576368689
620776569
528771473
1813748627
1005009433
733136061
1363890388
300190886
841166863
1194601511
1444842035
601124508
575889254
194701548
18168287
816310869
685582517
250062506
651642702
688311254
2017100993
1240545841
1439742290
1359056764
1843378111
947106118
798314029
677332461
1780871171
1736897742
418228846
209756213
210190663
947000319
2023504840
1215200097
1680136380
1239911580
1515390983
373819595
287029444
812749370
974944104
862918698
1007450919
993112391
1679229568
1693033436
1243174897
183388622
233861042
1112792242
1423934463
1673603332
324365358
1119828926
473225802
1122679388
1797161388
106613325
712093482
67906586
316369538
922284145
1014906905
192390731
2137484242
547559638
1432302311
1505391577
921379233
1719331755
170657300
1896323337
434766806
1178108219
741952080
2113996374
723658007
1985126978
149901348
957519049
950435572
1573835811
483638733
1274800931
546181090
956864535
249996671
195858830
1063477860
962090153
263765416
1379847399
1884374298
1278672321
1572238130
1874374893
1826231959
857056793
1232282822
600127545
428904901
1402940122
348967234
863671707
433564693
1090919315
830184433
1157222700
928562645
980085781
2114741749
1878998217
406437944
450896834
1006315500
952619034
1407761369
1256312171
1148477864
323755582
70918676
1412243280
1703602981
1955292975
543431954
1128357463
1682184220
222180265
1985414256
766983394
822307810
266835509
22439869
1171275045
1130507216
456004562
114710712
1960691649
1613227263
1043273357
793293782
1580485364
774787926
1199731727
2031382199
1781103427
4867113
1291659920
889931950
1153344978
1615415502
960850627
418104610
1171534835
768659954
961536564
152408650
303360526
1183716830
2137822907
1070343920
2006024640
257174768
1092783789
1029816037
1387681985
1548788352
1144526749
1200889986
1014531967
40316458
1994183769
447533683
815104385
1046431848
331432234
448724164
1051298961
1623092155
1338656114
57160291
1091024009
152023093
475264902
115075197
920683047
1436801466
267483847
1224043573
473034648
257823106
146903846
331575641
514997875
1239687635
1361391678
1902679860
640992339
358434780
956086198
1655524306
398751238
802786319
2103057990
1213855623
1849218167
287006576
1662579787
753033481
1910098731
853752254
810193772
853639093
1005775347
1285458674
968714290
1926458395
574776493
1236198137
1003018320
1047811141
1494021244
1149922166
1379386782
2009019119
242126154
593294813
1764215331
883118493
951729593
572817881
391159152
1350480831
1375604201
346733494
416852807
1077338720
633740070
2079432594
1830372201
396355154
785701200
493082326
1249994247
1791476548
1778541000
71224889
1570451295
205833845
1307423026
425985967
1253644987
653960622
1575908134
485548121
515496093
1818034288
1078842934
132227776
553669133
2030572527
705045658
944828285
1233569711
2080649859
1291561779
1650422518
1010504931
1925301850
1582371464
693393485
174173356
220589017
1186475811
1424167603
2012065565
817533163
1495392492
1435033212
1023367009
655331870
1861019179
129528348
1309292493
1289443665
615076469
1824788586
959994305
1693919404
1957016363
1513663439
1577008283
514578373
311008076
663094346
447744584
1602569856
166033216
1458249515
1380388058
1748404681
4159352
1554561414
1968993698
1190635163
831245369
1833575615
2008168327
179154213
1121125179
884051688
834486083
834660710
1013580036
2143778576
2124104376
1628656505
1821083515
936615033
1175092261
1630616230
302794824
604616897
2145194603
613802901
1267711243
445455539
68889109
1433744460
1903705054
1449277167
1034665493
1907864407
856354933
856175543
951015922
1687600302
542267510
811700601
1866754515
1663392689
1695752289
553756950
350569751
561848677
550051879
327190479
43021535
223651746
1263805513
1218113796
1854267976
1566600337
1822730693
1851978931
32919590
942958289
149950822
101808699
229219101
2053655876
1551085866
1263884594
1814036635
259957151
2120060137
617568910
1947557453
514843999
1429269511
1666828320
30753040
977538153
73101623
381322791
1539386830
623153502
708513271
1582408365
846805248
1972318784
653038514
553589576
1391435473
328285559
258084859
1424355064
1271243848
408035681
1526163763
1500462949
314207909
929765982
616863895
2128244545
1189723133
589440384
598329807
989796939
1104284383
2027599318
509141611
1135037423
857653823
582243234
1516360215
249557006
1205396736
77389838
1831965371
2052201984
2049708622
337520237
458307912
1293660447
665805797
716392771
570531863
1937049645
1124428452
2096695627
1290028947
1438636362
878977961
1906892842
1419397259
2068701094
348849579
2017727066
911014385
1453133962
1897842736
1420155997
440687738
608012912
2002399231
1957047953
857569918
1060312320
2034437791
542051641
965030656
1936662765
879571879
1423338569
1082839564
1545377676
2139731340
1653371428
1334943673
1116676145
1602583407
477488972
407828859
334077720
236898167
1827226118
255295166
585747746
1697469536
1166309552
2038881708
1447828624
438981901
332085798
2055841536
293897484
141650103
765927806
1354209804
28604246
1307979448
171756813
1965267011
40067679
1595095382
900622928
1585445355
1587343074
406510708
772905380
556535571
2009094115
1250394353
964364430
195688187
1487292520
644106900
450983353
2073040266
194092788
1617292905
1964438326
1641921413
2056274806
149040477
1550279301
202688643
290690580
168723460
1556898447
319294827
1476702908
1728655260
137078190
1516770587
1176266994
1037701118
954732294
616126421
1444211826
1727637674
1172661992
1305822293
830548379
2137026423
1501510480
170357251
633649675
1952493834
95913869
827742464
1422303091
2060352196
322180229
1331094250
61909025
1872459530
1533782893
352599605
2041182990
943197692
671894432
1370402250
524369305
808972623
739689189
1700636299
1846673741
1694421483
169279072
1143401920
1274575510
1341941065
301740565
2105123889
1331483840
1803251046
127997493
1965133515
1608261232
223911362
645392331
883080675
136779910
967572560
66691277
198688935
692548443
1600474170
551288541
586247785
396188215
1223182973
1956650036
920557520
2032155596
548855577
473710171
1731345690
95793413
642989244
727263962
1370368923
1984930309
1029004527
1328009164
1168930501
684771925