1282394094
249527105
2067975930
928480653
1267856439
827334530
1881586800
1756283085
640837261
2000796822
803993623
391034201
1857408194
719848395
288870484
434799389
1131965381
793583915
1200675293
2120504892
137365075
596044741
1663407114
1793303097
577723819
1667995119
1685306131
662846818
1018006082
227021737
1957575714
152916528
476548842
1878067997
1081397181
1744405282
557918879
815500334
1353204719
1198756141
668813508
9714695
1589790342
378738054
729563090
1878660826
813537444
1861528471
524761094
2014212737
1834549715
662126169
462773830
1350473181
307945618
1040497650
870984653
1993251749
1703344468
1888990735
72789838
1513436535
2041907263
549338681
1244020884
975820796
146260315
1801939763
1791321130
1499465034
853212256
312650991
1509179729
295518950
691389045
91259171
26696129
1504926489
1952787642
551457223
1371655578
1639853710
1213583392
1834429409
842843243
1521529010
727443411
1713827896
1367297111
283304231
1455334983
1440086949
1796740766
1349758598
1989425630
893278002
178095747
2135685945
547734118
1969416877
1487667332
1400946374
134584220
849363413
1696465325
825973266
940622585
1723161454
183416107
745926579
127135029
1555071686
238296641
1340718421
1242017447
1081139885
714763783
1969460858
647484133
2082060894
105281441
2102819117
1374664195
1902022208
1305094067
1216606178
647816562
1483189814
1204808475
1195550680
1305123044
544992159
449013407
1439707264
1394355573
2145478732
118196882
187494510
1721156538
301612990
933421089
1848291567
1856684676
1171717731
1041526340
951218475
105373968
1756290123
773195685
752858101
1690867369
878477126
708193570
918047916
633015686
2013287638
2134654094
1280832249
1348993804
1191978922
328899281
506633200
1736971081
777912688
1946340465
983843006
775907772
2064537347
1171337516
349580662
218666689
2104758606
50388581
2075351365
1128992689
1091914921
879086192
1234366657
700721396
1652281877
1987224758
244105117
383275356
547934681
1162153034
1016291042
413738671
1149323480
149639643
1762732475
193818754
478538925
121882028
1930789836
1256451613
2068222493
767149194
2032359386
1985276192
1938486711
234456400
56459234
1895761669
284844982
2131810599
877270710
1376759903
863413144
2111637367
2077481300
368211373
1951378477
174102769
751486729
351829510
1336255803
1767777772
765568181
338095636
1917417415
380817009
531914390
248472692
502699037
315220578
1504924306
423437882
1082369773
1389800044
261230426
873372836
1624256444
317689660
621650857
1909101426
302016612
1498921567
1138377682
1165429756
1463075286
1068375334
1533641129
1266970115
1242478103
137644211
1618799626
431250259
1905421983
236884159
769345895
1675355750
617701168
1301260285
1923828443
1120400205
1616480864
1281269101
1543838087
551366989
523585497
1805068514
1424739825
358293
2122758174
2046390682
1909459720
277291138
1397828601
900353754
1442720894
713420239
1968729088
828878376
1980390354
1063723543
966522587
1451706332
1494973802
724460922
1688590492
116836049
252333024
158808012
1418096335
28677819
1279208218
887093551
1309946920
675562657
1438460540
1833532417
333147523
715716717
1833890711
308422050
614623751
1595866783
585713188
2012452352
348736889
2028434083
578388943
169982329
709828811
411295649
1233705872
1676351398
1863001982
581196027
253328672
1404108826
698032076
505661696
1562916838
2116128411
534339516
694641408
855738314
1844286436
1370204066
146715206
1530335206
1703351589
862431923
1216742269
2011773639
1477055674
665125404
450003180
1342024378
1013862293
330953615
1920413321
1183844622
1040782426
184225323
270066846
569650176
2047227305
851262873
822978848
1303852483
1549294950
1328640544
719285673
1517939713
1862980060
1413927082
226194380
1559782849
636647500
372909586
942634407
192515441
1235341510
11893028
56805433
564913536
677018432
506808613
1906937915
1690880725
837762228
1679867588
727241699
1878544654
1864092911
997308545
300711182
1763836568
1848571419
1123690030
920205403
1250382721
304846926
1639491077
620838786
20343339
905934511
847033166
1580126188
1542582011
1219942753
375276947
1735097452
307800615
387169975
1791902885
872714151
1064188407
151227850
632168418
607585484
988990078
164552359
1334827183
720051084
2028645270
184652080
1020762266
1644998191
2033223499
2144452296
417719946
1136122572
301815575
2057211023
1756961359
322158914
815661886
456510877
1902285102
210760249
1676453630
130078401
1945857702
1984254245
517248376
1590276939
709484749
1581436783
1741504790
1341653167
41538619
583011220
1506205526
1376365802
1303062305
1387367149
1561017882
176340923
884881692
1446757734
173309572
1302601638
435396658
475125147
1212329014
44874369
797284061
2027990900
501385247
552085515
91267502
30355229
682163916
2037125204
2014609475
1199412292
1479918495
576610576
633365427
1073939637
1918263743
674904046
1656950858
1276985622
2051269848
812529515
516869123
1464804082
988870438
1401750815
764078168
1162180010
556868805
1199474827
1637305157
1769197819
1244349196
287105570
1649705072
1745734443
839191085
1740972574
1776089673
1521355001
1630614130
1643215500
573283645
963048977
72342428
1206649072
2036988615
1990606171
1881553118
1546455825
1120108145
1785339318
211501692
1636977268
1102659753
1200372130
891244435
1866737921
215068493
1448113241
918729100
1852373650
1069827412
15594649
2139479221
572048836
1761329092
831186658
165537762
1389935117
205058012
1796151892
885666969
778341657
611717222
958009397
1984990730
501222189
801131921
1719060200
2047678014
1921240066
1356915871
111696058
1410733687
312091976
1312068188
154494474
31346249
1527136681
1602607715
950075350
1232026684
524951480
965669999
1224022257
1097000316
579515443
2055208915
1262538079
1969450561
112783279
911206323
707633882
891124937
1522923545
1665643280
728632019
2024145734
319291553
300208571
1924340100
93047971
1657124442
2036036158
1503781658
1969216418
1200620699
1658276133
2000562668
580273732
1113400200
803154370
1812300416
1638351680
1768824369
888839025
587868349
200856164
796564293
1850406428
22823077
909347572
614129103
730456960
1800472509
2137052649
248616592
381620880
2013714735
567908145
681829452
1790571188
660956116
191470246
1679123698
17254127
13203017
732260749
1675530260
2013765685
1312534482
641446812
669436407
977351250
132314845
290777128
1866190276
720183194
491633292
515270921
423105974
514456370
1424618493
1037235077
1244913330
1077607355
1026804078
1493529922
1459228235
893035166
2061438067
2141057687
536122706
574910535
185044286
67762756
592164662
198247303
800023506
120211274
64529340
2112557988
761658087
733965747
942425590
893972932
1024742875
661132218
1614156126
1516376167
1176403139
2037262100
2030832537
453537985
927013529
1128262219
1531145340
1953817608
474308493
842889927
699369126
388262912
836463967
1235491832
963173448
1021508253
1303254588
1555338110
1219755556
2103278094
1675549385
1284284896
2068352434
289723824
2018250643
863294377
1183696756
895509870
1524426595
650369234
264402389
553346087
540147686
147751279
1006884072
1467161215
1276013498
390545764
1273495175
1750321992
1233435691
1972864301
2138584904
2069899658
1060872485
954274704
943924263
216643426
362129167
16196171
172437872
2037678552
1300481067
93306659
179918728
1171248062
956601036
1363615484
2066757932
333543983
2013984718
183676674
886890070
406648756
331427953
1893774142
1873809971
1607441451
136836258
999821499
1210279795
1370271950
825202152
1201381052
1292687960
1886074638
8172108
89128576
2102718064
370301275
105324747
127672288
260496179
1405805815
220978947
440414907
429570229
1177579983
1804030391
348844514
1511123967
1670531461
532521188
250530389
2077180217
863949141
2144304532
1803506541
323906944
133657142
655844392
1534186740
1503929092
1481046544
588084144
649133405
1219637534
596256252
738261981
1174871950
966557528
843586728
1302544239
1227053707
101908895
1523523186
1667468615
531479125
553619522
1324015358
880323639
2064743489
847063172
1412844827
167790230
776759741
129310320
164611114
432782634
453217264
298268257
1088627026
1987404004
1802197349
422189923
428004500
303847106
1641827457
1024260753
1042109087
669215760
1990818281
1885695816
1971759999
1070388340
1987604711
1347799537
590373307
371600188
1901419059
1914388666
1251923827
1818678900
613968190
517285006
1986469131
1390727931
646595326
3596597
1823510566
1099812591
301864854
764653944
939732947
2104062204
1186843867
1367737448
260425662
681187677
244514553
1302534750
1350403437
87849186
1040746918
1174679788
1158237526
880867981
374995677
1748610834
1252468170
128931089
1515515852
356908349
1947609989
2129484042
874193356
1786595472
1372728325
1520788682
1790192070
1048755243
473117625
2092056924
1813409188
1412850573
2048635480
852769407
633104373
161577495
1533957084
877618926
1464112245
736876873
965468112
357375515
1911556661
2123705638
1238243496
139068691
1724832824
343228018
267999780
1092865028
700136368
68126121
1074865422
1574329724
1854721594
300110100
947634758
1497430016
1348865343
1420752384
1442003292
1014790883
686119309
1343155125
1867560291
1319223682
1504732620
1254033727
49358960
821361217
1990910601
1014827072
1178736732
1754983614
991049062
269496580
1894052305
568398239
612724599
14568437
1661263267
1312860967
82694559
588645042
739707043
1937416153
888755142
1687341801
1287362521
90136837
960610537
581882165
1104927721
1646729846
1925037290
825004364
818469880
1282286262
2079038091
867828840
2103647479
1922465044
1882655912
1134900563
1529965011
726221327
1404397144
1276533668
1294619566
2017121743
1291102106
808399185
1182499062
1373796665
1397044227
1922206105
1163729170
138315721
1462064258
303608043
228452559
275191148
885490208
1333380280
1921920994
663043851
10900996
592907227
1945330113
2089939087
1460736067
1901493945
1864920484
1195908332
888910860
1247401847
1922129659
145824356
376451867
1069265577
15462451
1667553973
1877664762
1197961513
893866990
1127225342
972683970
2057596160
1265541063
287264581
213720555
1493993622
562455729
1099210764
679890254
336893075
1762254615
690791250
929800302
1560101080
633246690
243052722
1314111377
350683526
1438961054
55538590
1598085373
1213607065
201362946
1974537240
135388994
216825398
1494607566
2013053756
1414786911
240990908
992795450
239987234
151103421
110852866
527251815
364823976
1604846488
1089707544
1464034740
137253095
1426600619
1078805707
828044345
208917274
491423140
1461291035
451969996
1805534517
1811974561
1890931050
1861073107
1262576286
957054467
2062436054
1089629879
1092443461
131777804
436753797
958013569
1546564715
677744705
1950809020
1786551949