828848126
2061661886
166320116
1193672103
1519024726
1256027660
510223195
1656277821
535144632
1589028903
336838519
744061906
2080452043
1798129554
1196031902
1738502912
1462620468
939479304
1452092372
577713106
1896533771
1367044778
1667342985
841493584
1498822582
2104096782
1799507153
897903649
634357840
1602832525
536971951
1463205966
1517010763
703292067
509394421
888551842
1959319728
1019617617
397346015
346980712
461162872
734184534
1091042618
394131267
384830441
139590872
2132634179
1847450909
1079070176
1437242903
277680367
828120299
656804033
1945023353
1669613883
8142967
1901636487
1321637388
906046617
388510679
776986266
1443018568
1851716646
146513381
2146310635
213627419
1035065223
1958146715
1233245036
1432411239
157643779
1694407908
19112125
1248686397
2088539175
403942566
1388277269
2073689707
103909827
319863797
1363448962
381590195
1147984096
2020252996
179129900
670114331
2028395963
2080766387
1991751720
786958932
321793419
621254338
82493852
26026417
767767719
81320840
239653836
1802832943
2039467555
1472898873
1087760534
49627687
1019823133
1106872659
1298314084
960878661
1510815226
539107706
887084720
1614725053
858971503
103050034
1996315248
2006955600
2123303030
27961500
529586283
2004215346
2108727888
373854355
643690630
283037659
995108693
726184483
309064076
1762876413
807505323
548717912
1418225708
699489230
2021616785
358502594
749116917
893956271
1465375253
2047431002
1854834932
828706831
439055060
594436004
295948237
1298026563
697486038
144779837
1157498515
673305421
172741338
1687084799
530037119
133985578
2060939154
1173727749
417023237
908564200
1899912232
726087313
523956965
559933907
1274805225
1942182673
1259423138
1148938363
153201619
2008540055
2042894634
1618576872
1908487409
1750245918
299800056
200058821
197198274
595748293
1498085385
894684312
740528130
508100252
1567989733
913269468
47701403
2098026852
1047255046
2108640558
1124270954
1464278283
869721110
876699538
42881948
1393678075
1436633446
1317687174
1188377100
548572936
319141889
1341578719
409629343
214552875
812671943
170633105
1964798793
1112471999
370691926
14513419
1708220292
1868777311
909197731
301264775
229393916
329703817
1214534243
277095319
280247021
114305642
238252229
1404517975
1578583925
1107973339
133733866
1621465874
354167766
1570367312
791669400
1542544866
2118940248
1110811289
736639937
381085943
1325364164
1549311881
551719048
1142679309
514300232
922410975
1157192728
75036877
643704638
2066390459
376301652
873098554
248610628
1590835895
1150193874
528857650
1705141537
1388446103
1933375625
1136241815
348935795
2067109491
610224041
703103561
1489993155
1401893441
98164780
1461449755
365221082
834804717
1842535699
1690585246
236632950
246771099
685780907
750933183
1169182074
1842973635
825970060
1812886713
1761880446
1202271712
538501619
2010491075
645623959
1688695493
391865077
203281849
929657949
177757054
1339523664
1278593744
97382898
1949747705
1981697305
1587376053
1204157498
2079862085
901342161
1569378580
767183155
596394212
1112480178
1003816105
843165311
1798261085
1754749288
2012347386
1493751072
433235700
1677750451
1108147870
1635507412
68768422
971155297
133647724
1757463916
1363020374
336929573
539638217
1540777429
1676453237
1818231961
1638160327
1478717294
1652445618
1078052732
535391144
1584824056
1979394893
2104769724
204523563
428305457
1069766254
1208339668
1271470769
720543691
815605309
1136334507
66811115
1248841009
666601310
1174958985
736864774
735369732
2146114283
870512498
345350000
1361651009
1207442071
884988217
754944790
736411660
555736530
245621469
67645306
60698501
1323674202
603036450
1645522557
1155585447
560322526
1850046120
1583890905
1630088780
910902140
707878026
203148823
1726507449
1844212533
269959938
827864811
363330195
1444918923
1564729585
1098699927
1443549558
287758435
1444049928
657716920
1495200506
181554497
1412661710
84128518
737291028
1658283180
151773824
797989529
834473734
754810274
296028438
1990059181
1315132800
2146074558
1426466438
797737932
909493050
2134344464
1000886755
488516852
1831073349
1270846693
1316381663
46919896
568281968
733627600
1145619824
2011831527
1021386035
442186104
522064799
369102893
623740601
1934726509
453231411
1361031629
1445526041
605005235
11537510
132516127
1359815509
307565948
2122575309
527464661
306156858
1401558099
1325202593
1215649909
1388418916
178605700
1704166761
1072008617
1449452393
873064776
1118928514
2017734361
1606692376
117064690
1882082240
480594763
559250794
256663391
849697656
1182991395
43906253
1302929067
396539377
1489432294
1907934302
408076887
1621948422
1120266163
715642836
1597040083
1647730824
1021799694
851114534
825449769
89965955
92049802
1004055469
1794132716
1164058420
306024214
519713844
135503286
176274927
2126406220
252567976
2058357168
459517335
811818770
167536911
1309214991
1994810165
211443164
464660410
243865894
1700875459
225111064
651942782
1175340233
1345377227
1367585618
624896668
845624403
241901664
1476011202
1671074172
331867620
1568061005
527645993
2126000336
584635777
833670207
498230533
720139063
1009945135
477153105
972707039
920818655
936670441
1784525809
1088355566
98401784
1631852326
1299798731
563062195
1875718221
853190542
788173259
380177355
2028530775
2133550487
1747762973
505943795
831691242
1989664637
1981954997
355281767
174048609
1402532354
882927760
152565298
1987168131
1716597968
650795831
559823546
579059455
1127948936
1532530585
1499878110
2064619377
1169572746
440750028
15537514
653941425
1740548759
578599709
382175998
446255653
1366772968
762353353
327302780
1352839807
362632678
833246575
37047402
204813667
667717925
392329169
378862277
2070250279
1275256929
531427575
1909934763
844371249
1182223406
322274661
1423430704
162688694
1854805247
775825166
79824424
876894345
1216575195
95361938
1530835770
809640306
673961647
1913011768
1255895960
2040734615
527881473
1583198740
1246090775
890514151
268961668
1283138177
1095327819
936679593
1675467346
1474190096
859446224
803240627
2005617671
621897339
1647611877
1040357429
944172001
923558933
1203046123
651493600
1699384100
1282870547
1528387945
768475647
1378232485
911740068
1578115953
2052194132
677268188
686528265
1945445100
1205149662
122243358
1044052227
2095663813
391205026
179706756
1043507984
1327884619
1855174102
370214432
39847195
510931081
228348455
661744535
11059310
1268705884
1605916536
934618244
324268360
109926488
486518696
1607138907
1638314433
1254994343
837887745
402570853
685626648
742598229
1079839042
1372154914
540559681
137505056
1494398272
1584611908
85685221
1885603298
1764318664
1129193206
1066004269
1472009118
1499407638
1105851464
1982940200
1727756094
1767595999
1993999510
848978330
1226028887
781134106
1173246690
1335955375
1267652802
632901950
826786161
375163497
1470789695
1229357014
1060790146
65904276
161712408
285461412
606463958
299217464
1779859684
43592218
384902686
1517979334
1807910883
1514095892
436499955
1132436353
866019882
1542351419
967892905
446292328
1162463771
814408768
1295270659
241009010
1595542874
321033701
1576964386
715712029
953935651
256266899
1090875526
277241698
1485623913
4182024
343145975
1647336322
289643436
949609933
1946553786
2069503120
993202151
183972824
1439998806
653629386
1698068716
1876498761
1786065740
416604951
1271366533
606474997
862897279
286346656
1420883765
10684290
527355666
868942992
331717992
2104320052
1584655021
1285653643
213103303
528046899
1562895342
1698727217
532228924
1906041317
1198579891
821872360
708167602
997650029
743891833
1701369753
1181622854
36406991
207515492
732207922
1912905753
1993581232
1148812873
1036788638
452572581
2011710153
1323135294
1873456347
2022394443
1850490960
594915691
206628787
1807327365
32087064
1492282431
2020430668
560133963
907694125
1571674237
1092362887
666251794
622770480
1914235248
1374419396
1620420510
510643433
928305501
654559716
547050424
1135820993
1386767638
312472529
981918577
388096864
1349261167
1434491159
252323369
524912813
1160463858
127234164
227920126
1755379549
333862952
2035247491
1787466613
1826145383
1908194511
200116928
586355860
1332385101
1292479816
1252607654
1955155581
1059231416
479543402
1428092443
1569874849
1407848903
2082652159
2116925273
396186249
1321936150
281914155
1378104826
1710033014
1631175322
665112337
1962356383
8604488
1825576195
2089590547
236524614
1433472096
275969851
124288457
1073455061
2102115234
2032482968
1273571990
540987446
1217384421
418568158
1793595100
1025056355
1477799574
125654854
305665150
900190775
1533503758
240833662
869632400
1929690007
1562769812
1151546555
1160311185
1125319178
635238230
1825423523
940191913
643842718
1503516070
882298812
880367332
789504519
1158268664
1004655789
1862959580
1112900250
889655109
989047922
1653887697
2107039531
1407616080
1299999149
984612238
737932006
1425654004
1290277388
1638122781
811674114
1531111050
360271534
593880473
946397214
1511818089
1754191658
2071716392
2147056319
1432131533
864424657
643415389
788163956
1746723470
1523782721
1577668475
757508486
380954862
1293144407
1870408736
1270609972
134708682
1376812785
1230165855
1542324762
529328287
67294445
132773121
1954982291
1357571833
1770895902
619172757
741199236
2131167436
1213053230
1687596450
1495501878
819761240
1611829195
1495074549
104409126
328770204
2138489939
892573082
2075493674
1514789012
322757909
685518512
1895743875
1615902316
408443601
1018870199
1750610998
1785256386
101552406
1145452113
167101025
168846851
1278225234
2122083316
1526418684
901637488
593772425
120134272
885321277
1806825655
1807730723
233339507
479103248
1272076270
1728414056
583512374
1600846474
1719420347
1476085456
1528856501
1086725712
1798843365
66891365
834985939
1267262033
475334966
1853856138
870389384
113107705
1955408544
2015841497
280208730
2124255395
1146583083
254808399
1503190431
2048220571
848580824
1623324704
786058200
507922832
1283571779
1019397707
987026080
408164401
600328116
1570538454
2009010875
172264815
899140262
1390383728
1258990527
550499979
1457275094
2093976466
1817762012
1932610060
1800348956
540667748
2045717765
1608273852
409025597
178442848
1585045599
1555608680
433251247
940752383
1456345604
1281832071
416593439
94920156
1789754903
1700165218
1114317864
629297335
2108329619
1714645980
52352141
1969856846
1886910795
951492403
1212756927
998417675
1501992382
522548373
944910493
1172270747
307674785
597775802
1712938495
205908903
58566006
2121964093
384351751
1643611606
1530089125
817602998
436880341
838951081
2099435069
853473780
933871238
1741706325
406155350
2048189102
223520012
367001321
1615351434
275872154
189374519
1354778581
1227364557
1402131446
205712608
581873292
1924679819
1150623102
1754144039
84870957
1748398904
1319598886
290779860
1806964910
1294079331
675131611
1303092868
676684809
1492734609
1739973209
1515635890
1444686030
445963341
302023480
1038908707
852118691
202728934
1262428720
1219120012
1818080368
1538300874
1408494532
1025375302
618181783
663142330
1231087910
1200055075
440338502
234227364
806715466
525209459
1982626268
2126314353
815989319
1642107531
1272910036
1491120930
797716751
1949594845
836371891
390206313
1317747088
133574273
836169654
1619770568
1172482981
1688288346
1822499503
287428053
759924710
1493096223
1825728927
20935594
370987877
296427062
684077925
1602075788
1496482138
1124416427
1836303152
155713956
1649625886
1671445773
134544661
318131557
1166069656
1407454698
1809252487
1963786407
1209565895
498140730
206509072
379829335
631715003
1042678727
1999599904
1804197984
583483425
1674615759
2091626037
1343408135
1020228334
1769871316
1364343730
1391216212
2066298379
2048421655
845808352
1415296869
1025354434
534627856
1571010825
527496672
58589981
1705555487
845628229
1224659637
965526537
507397068
1040962397
27608784
1005537798
1247471469
407438120
1637252801
142666548
259554376
1293967138
726149973
1934170135
1238109527
2069558109
806914821
860497196
1286418191
50647385
779311927
1187356198
896455737
47125148
65226984
1431083594
1618135973
592723656
1489673575
1176207812
1438351885
566849565
2141734349
1945748953
1607811962
21859486
803803103
707799783
429297606
293572256
850466332
688851982
1587539394
1576616305
475538469
678165274
1498690766
1282453290
1538662470
637625309
1333100676
170490749
1824981507
82072765
217615897
1890208491
1513156359
1835751870
335448499
855346287
864476035
1773800384
1422195852
858726736
1572065689
882524166
880586222
228385144
1590323949
1309883828
521957401
293306633
1998735810
2109496795
1869922939
326790631
640178421
1221130057
1609243922
31357243
1858755367
794860950
201847992
1536253226
876933715
419463889
1278978070
242606427
107732112
1614426569
1097952714
972208147
1240743306
372664918
1830934883
665325347
1255189084
564037458
893710492
698029385
1873921286
1415667893
991336019
1725173449
1377681040
713775310
2051964080
2017859462
1934905367
1513724354
2049216705
1646177086
161101656
103581050
1034946665
1038035372
523044939
166441087
1280641799
630777051
1780867656
231110865
1602985198
874127314
603775783
1286436434
1539452662
1858964867
1850473892
285679506
409510604
1576911530
1701347399
1400846623
1154601331
931544791
2114621933
1059081764
801920605
1902043653
425322470
703653663
1400737091
586424127
807234713
288200108
1624459499
1330279652
454641195
757617650
1961056704
88025204
988728515
1416558254
962152518
1592504298
555511040
354121532
1303985517
258501284
639801038
1713496121
1835412815
193664789
966859097
842530498
1125209581
933997382
1901612262
1927130186
688557387
179451085
483300201
2089294479
765875212
1290534914
230010939
242851063
473330919
684652135
1000468713
286903975
772677339
1989197228
1703462229
1734829857
1434217878
111489622
2088951390
590719747
369990906
581268780
156732220
57920073
774933570
1123591317
900450572
1900143151
2057588700
654579186
1679789689
598662439
834030271
15606243
540473270
1599905483
1306141157
770484210
1842756546
1779472076
1455136345
695741611
2066376051
80330036
537455191
1622354633
1815159893
1971673069
1733844255
1756627635
414909168
2103835161
190412768
571641389
14271587
965346338
1695232706
914722159
718005841
1605337758
1569301345
250311882
56516550
255847969
265918125
596989820
1855753452
1572059283
1367474030
1551026351
1204047711
675126727
99284314
1122940115
755456763
636739506
597811100
423133009
460928927
184171707
32276996
875838096
140523220
222689764
1447479485
154794807
1188036102
995228543
1069516966
1906041943
453082654
491334664
8870178
509599204
747182633
274788303
1106589024
455452437
1846847586
326579407
2006478788
903411650
1001706134
2105763103
2026351765
1757162898
595018961
476679217
32812259
1055947888
660850924
65089255
1931785984
801374144
287779020
1231781821
956168952
1475815122
79526717
2025685918
1234373418
532609371
369536934
1243243596
1042208575
1116719567
1518031899
1313951
1572172005
1217395838
327893358
1431167145
2120807488
1329599493
1389446600
1999675605
939278743
1984465561
328871174
972091002
892929802
989722098
1037180257
677232138
1791096242
1324959277
1909013960
599781546
653290752
1988540677
477983817
1887664170
373666400
847520751
983424118
1415874975
1964240319
353972369
1417188926
1388928676
1571368207
1745082285
672612173
1544692047
927198130
2062058774
1396884004
1866476873
1899040687
1725755178
691084227
644486841
567993628
1728264484
1321718980
211606223
905740114
1083249292
811387769
1559030866
924306321
1289371586
1299211388
1297972721
2136892338
135151858
566364048
1953649009
489124227
1983552974
1195094037
2060492435
1581151611
1867706210
1457700834
360866093
1782281336
707101191
79859318
1533838376
285372721
770943545
30841569
853366350
351724382
1352560549
1064972573
1257464496
288326193
1876360342
669011714
1212632514
1018248281
1968223102
363121587
1007656971
2103374960
929485635
813822332
445015539
765554962
2008916369
358024326
199222925
1729138931
1815725161
560089019
1363936620
375342704
639948337
750291348
660715425
1410891883
781132917
1514081775
1762616265
2133693467
431570700
872597113
274536012
160447395
1541608827
1487168527
1178695676
1362348281
1850290114
38868999
1318239593
632292102
852691331
1763255132
1397847064
714124052
2121279459
1597069989
295779335
1789520972
9675360
1659715955
17380028
649623698
262523655
678095453
2060515581
1043656573
44693581
1675648198
1029866392
476264281
400761663
1304402404
636711676
1942370490
644087283
1815407352
1157235123
346893750
1854276351
327991068
979185852
559484034
2091246200
229549268
1273608086
2065042011
1826619257
1569387422
1707079335
1836294618
1081619729
1724459363
338434668
1344143385
255071169
251466601
240316310
299764750
1927114799
1270182702
776029031
180392814
427101458
1412740708
2122763304
1071188742
1080664412
1132514779
1418082492
787457116
1460505847
249784696
1346941150
1404268399
479333964
473065589
1321826763
158469573
2042453011
881422450
1994764191
976589092
458398166
185715211
173248829
713469335
437181812
413565139
1013234085
216812963
1683747841
1789263116
397205777
2110849300
1054520176
372485433
1034554394
2135184589
1505000212
305153238
775158057
818022411
554937934
2122099207
74807163
1034271898
447681148
1396633926
1192741471
342650511
130572728
1040022015
1319239604
588970894
1225737226
1492488433
1302440229
1662919039
1906053573
168190666
1879732002
1442317766
1957453783
129454132
1405683418
864490311
501939565
292754164
852191252
2006939778
597907402
1627349309
677478541
1152845336
1601964869
752285704
39633586
2049646017
1435982
1232375058
244812881
132008711
124913425
1564052485
720979605
1350650651
909057270
2023419835
866086042
667627195
44126853
598334397
2109944962
2001580636
727788529
1368144732
718587300
1229728094
1660898897
1570778552
1089184224
111322651
1050644214
1766662766
1264167988
505125435
371464822
1303801574
407287804
372900805
388692984
652100685
504909516
513606409
68669522
1225889121
1864257061
977726793
1101825308
582859455
1645353988
1145952162
1181193852
1607815302
1000049150
1908982381
828476387
1718636450
991226828
341891636
1141931355
2080411052
453214287
45091921
1699590170
1717382275
550217356
2071054993
873700202
957505160
296472150
1262393186
1609605846
801381666
1775999596
1678275368
2027270787
1492773009
508518513
981612448
2075632464
6388854
2127564610
1109342669
1614204156
980130112
870841402
295196895
551282915
1862068230
637088531
1693214270
1794995635
1090302819
1738306191
1347102157
660201446
141039899
1270673502
1533901648
1098545059
1567145652
648811187
560667257
221043670
277327135
91458978
100830810
1770100144
599977491
1082443258
1698248960
606366345
1062524220
660107981
73086854
2042654332
1530949384
368283749
446453599
1245533966
1005372281
2139667869
893045953
2095675100
1730490412
92664463
608392898
1871530311
1363337965
2142294547
822591723
782999970
643622086
1383258980
1004043640
920949221
1474717958
1104874450
543565717
2074695450
39834060
94331029
533578147
1102358280
754439011
606665001
997528965
137904747
974948751
1443982564
1383438713
1980321032
1436166786
129001019
1928512484
1019173550
221665482
389421734
743220214
1585003447
384232633
1565811937
220519769
1027854719
801587269
1224563410
1948803940
128821580
181954212
344886009
56033382
221788273
439217039
589611529
1324146553
1193656050
1196276531
174191870
1331560797
23741634
1618174435
567515862
2004062666
906857573
696516881
1785091502
1926031123
918182363
27029588
521767689
355702163
411262222
2087579626
576221932
1439116941
741683248
1800785342
1240437234
870504828
1982739555
1585323243
926538210
57044180
2024540282
1516149739
1381190733
1070712684
564942622
1555382604
254789833
588684256
1026073391
822305696
445263274
1932930964
1518822577
82871128
1711478439
289521293
109900717
85762481
645223456
521162939
25858459
1221445388
1960279880
767541707
874747083
1053233466
1638046535
710002990
491073062
417101097
767047170
368129696
1933250837
754255
1438842381
350709811
1556136859
1693632214
939394068
434726602
368454262
1384657342
220173918
1887276840
1467528471
1931652358
29314485
1577429188
2017414839
674537941
2098592127
2043273298
1895983329
1911388359
663331358
623246764
817138178
153894245
1333249754
1308211240
570995343
2100296924
1676340936
356762532
2101051180
967699669
707472343
1509704391
513848236
1646866411
1944430994
882302498
884040106
17121264
622095690
204084929
1948773622
651410175
1781514117
1818704813
1325948116
1732622596
1714494464
1074447798
1496527307
230342174
1697694562
166181837
384236419
883460669
1474393077
955231762
836273945
1003250366
1311994294
789841477
1970950035
2019466638
152062221
337314623
1518849401
2096493215
1219617122
255405859
2113614479
1841712812
459490788
1914904454
345639340
93521257
1586125619
1671587456
1826143853
1153136435
598551606
1175187513
1383478609
148762521
1341369350
1767715029
1032223190
668278780
575463143
1868497135
1671529146
1887457438
510854965
1494995533
1759440428
662917186
1832310157
1130806181
611926753
904443631
1386212041
578057584
598672795
1845702829
345478390
944312135
1939224087
1931604010
468415944
1617884292
937256797
1066967550