645588157
173251759
1215730071
1986957508
1940966788
100469613
507752640
368946283
1968966749
31798138
108920073
332338066
1526793671
1868360501
995255252
1211620180
851683035
1607182005
2116063811
90411428
37755941
567252959
1936114257
383234332
1511565094
1727854696
167354694
1979981038
1198255341
1104611491
899464941
1843843498
1277863250
2115195012
1683317358
1071346390
68180978
43586350
1440292674
2037147727
75384488
1549212747
222002145
1602178160
1270089601
1217257397
666314692
2121772636
676955754
634894856
64700416
714711695
1202147815
2000814673
1097946027
566229261
1581185722
1265300721
398726652
631957415
222428565
1298191593
328317265
1500291815
1265902957
2011634624
424154558
1334083935
2055220974
1864447232
1223748014
2130605463
1266176331
1445750159
1585299975
388782284
515523908
104131019
363071272
1192479662
739025875
427771688
1907191358
1941173690
281102714
857653737
359919304
1862288436
2122954459
758645956
346762203
197899376
2056837549
675079468
1698191191
1175256858
539230444
2122345749
361857146
446967771
1839309333
1585605160
430089586
958002017
883871672
2015389561
1346784301
1399395580
2119520580
1709855574
444391595
711062808
2137627262
204099305
504752850
271246328
1061753042
864672154
2133534764
1037223853
1623318110
332813319
1235123229
1532672011
1007892788
785830773
560445222
1547123232
760692874
922302368
1994091003
452518560
360423880
276696941
1410520577
1244295552
144602854
609821230
496207485
116639787
172193156
940599080
827702595
162336771
1144698385
1332455445
433583099
58967779
49643952
419634216
1096191633
1672962062
752447535
183831214
1058150426
1760340323
969661987
1618595648
1159979908
1730354862
393414368
1006587263
35389774
753838248
1283284205
1445910351
1998133801
1427887059
2055731581
346857638
1544526846
80441090
1287456718
224745793
242777861
284671455
1557201239
676360960
343639234
1606845191
1095995176
1439830867
1132323605
1848442712
1623662082
42990383
1461299387
445840421
1661586031
473795647
28711635
2055000399
1480382911
64101409
661355000
616183468
1510011760
512005153
2044070527
1418259694
858862791
1441113726
1498700784
2146319509
1665859519
1741478645
283507316
1075577110
270355957
627146550
534938653
1366351134
2066977418
1667262259
1067310198
1543155852
1710252642
381125937
1988996273
1224355026
854921585
2017707909
1131871777
187820848
2081809318
1793226777
804004316
1444337431
157748282
700591195
715113477
1016611073
2141704921
66330613
1015446934
1660080793
1807809258
1298954250
588174255
2078165215
1926100801
1123112909
1297032701
1845594571
642891520
216859251
1241266775
205660514
597985189
1082779400
1430015540
1452906774
953003661
414403670
1640727622
887329332
60146799
297248290
184183115
217895082
997839485
899296592
1234506155
992060759
965627205
102469442
504657904
625952815
1401423692
1092832159
556634382
1180040845
68461420
1853667084
878151768
711352940
2070526335
2119418543
917013455
521027876
1054714296
199545347
1973934650
2007717957
613949017
1467178624
747563641
674095817
1764426914
931746756
891990899
614782752
1831043348
2126497054
1606843511
649186905
81482848
2111501415
1275139720
1482906541
1056849926
1831774103
515463738
1125311347
1537957539
1393615507
1836664287
1461000226
1365550402
606194094
1982028103
272781050
805739442
1808479105
133015360
1419688459
1128174082
880579001
2093784276
745117348
1812325758
838291527
1359900100
1495885458
817304934
819259963
2145072364
898787782
783277730
1272728436
234210675
1840127657
957018891
749674414
817955356
347492782
2143289921
507135995
1808493009
1361356675
1113330090
1643037464
1634137726
1919069532
1304032921
1767153086
1191274343
284723355
500248439
1137574972
1029840704
165090549
1975866499
242257156
1660976008
645687785
1061517120
1658564724
1544475568
1844794850
783809512
1778686243
1537438859
1740828404
380877009
207910567
2088321186
376683282
715046563
1749330547
1738039958
1828376653
1244884363
1224694036
1599962537
401433637
844363474
643753232
686156992
1344611913
1781328204
1715997696
1509702463
1609711056
1958254853
1023194823
107915193
872288325
534275899
1652390761
569599527
1318085411
1283593357
2107038387
911430167
1664470366
167465306
852267706
2041153649
882511869
454114605
1631709959
563404874
1698998969
708920347
15883763
2100432606
1553283821
659636996
639105950
750412086
293481552
207619999
112630901
1903192608
18391204
1135825724
2011107802
890679529
1670101623
1516014915
1460279056
840703387
652124624
1419833795
1752133554
169111343
1587299102
456917612
62781344
322327323
911032218
1694491303
885732198
462547539
255928002
901615961
415496497
1809211823
1561252957
1054602447
412140261
1854734510
1262222446
524771163
1610443470
1280613650
1660596887
1474067624
23809531
1183214863
842598892
1484088588
2023918250
1494723516
756438735
1628568156
1663834859
196254189
2085485769
1726616203
518581513
849034339
1273623858
1404313711
1311581878
1529551860
158446024
1727078375
1191280035
1719698982
634197174
1603420297
1426949844
1896419621
2128191460
889909666
1029549623
1641304699
216493643
1053359155
677035914
1059092535
389964095
553470516
406332403
1146402830
34555025
2070167263
1342657020
2120040794
1649299818
1861238533
821591485
775440029
1118068596
2133173363
157508241
1276514620
1712768090
1348788277
848729954
199481616
804724926
128196150
2095901237
785432738
1018105817
977967213
279253789
1234599460
2031326368
956289704
146208347
273806815
1509760220
552540750
1420209645
1544315245
475224365
615383017
1516872391
2124524184
329137902
190980228
752480565
1447206498
176669943
909988806
576237471
1889438033
111293435
1424967425
2088919650
916018361
1553163576
2037337239
1701451099
423785745
867820804
1980704889
1658385205
751663524
789510945
1804593552
1025470339
151787517
209650654
298196337
1696102763
684875020
913579354
1065491506
661915556
1242717257
1256471735
1414396121
542440107
1433141678
176901279
1118677578
1175096064
288194715
396161356
1116532066
1204213076
1949324932
1006385657
758180528
225627029
1874206462
591401769
1884012234
478386338
1380912714
1541122138
1503856678
1532700231
1750772792
1802053015
1081319346
288164164
568148721
2146810853
950079720
1810865978
1255798940
216992193
205822438
541456970
393893473
1324500016
1716553034
682088188
1720661372
685601452
1886301264
1522502656
1691987110
496998144
1748129685
1418709924
1088399913
1484658271
1897096262
321828979
878296761
1253469292
1854529211
481585906
908038659
788364909
769750070
1476187381
787692114
1719829791
1139569711
2043491054
1936821984
1345392149
437464377
183231809
522408518
6533763
865319997
95586242
692135216
604137614
1618088899
236638678
1101135758
1218734936
1655348602
42052024
555909560
1404961216
363881003
1434206321
510946861
70926566
1915792227
1418985520
859291476
538058650
747689253
1646983590
110404793
1887258965
1542990997
2047226777
1085167466
1980455374
82974939
1607575984
1986989137
948294936
1703162227
531640705
1552432550
1173767478
768279383
506084661
245018766
276144337
548136685
800928326
1681105554
912017688
87651000
44568767
982944255
2003443227
1463554287
1842235731
394018229
63759893
1341735673
504423022
1951018858
737243022
404166152
888702676
570214748
487141091
348795013
409720238
1435436027
2051957240
941360943
840384930
1078241070
1709640327
1346469591
1323259836
1985784664
1894606276
2124188163
1519406570
659140316
64355515
1563975337
1642084571
2067798742
880045977
1336836654
314333324
943805870
531088680
818756346
747341080
1268331702
1222922498
1636043756
1838546451
1710063589
1984838769
100783041
998015969
1889312361
1042143984
1838400899
820069783
604300663
1037386842
2143329620
442601680
784509470
2120034135
1962008250
1443649786
36906002
1378499940
938250710
2104704744
111062269
127603716
271554420
1054868139
658692396
1090310767
1802209219
1927024099
165749617
1290769327
1618086902
1875813207
1128124449
1718869943
726345528
869953162
613530279
417262779
1690022946
1217830943
1454649621
1685868918
1660432623
91675443
1658419405
1474957225
1535325229
1695325407
705973517
326092291
1652546503
817035786
453696008
1924100924
1871903925
1112388404
866928043
1526629496
891928855
1032677660
669915176
362532109
761007219
1798039625
2081402052
1487352747
520509139
547448684
1904615526
63048437
1765279627
1211781499
1748917355
1278228602
1303456942
1259853112
605702179
691298524
807694871
1311675697
1017390815
312757727
2128711483
1471086823
89375003
1853131761
435991580
956303046
1232277609
1327920435
1988980706
1902192785
1690452545
602504278
1552748762
1624370949
2089857025
2073257902
24335985
1846988904
2136306339
1789615612
911286755
1737740047
920360566
67260050
850109511
1526062746
758558574
1657804383
690254795
1775949389
1970562110
671482630
1099552565
2059937113
377130743
1535544145
868756511
1609408353
715980932
710253569
1364117490
258949829
1312757847
769382605
1883320779
1255131225
695156859
1907656764
954636481
683979550
1549788729
1865923236
274235949
322665647
1933183286
1124345461
1848728393
544258212
634666196
391499540
172723954
457744658
1062982171
1272276519
370198123
1440112914
660337016
1238954634
902037619
1376317948
1949208203
118671462
1635267778
1114482403
888054067
1371104909
222129980
1583210926
1131278025
1176766461
119706828
533583106
895206049
393942778
856248754
680905688
1518288239
557493499
1225163900
5470787
948993040
1397887854
463215445
2011975211
522680725
833413568
1304604477
1183017741
2072368202
59158449
411852042
1874092757
177829911
2047119820
841091512
1065883978
1270741081
1063221492
501611256
254535458
92504305
621318084
788118565
987710355
1015260862
1644367319
1668616043
386065453
54377170
746296295
391536240
1003370210
2144184150
854751685
867861773
519381227
1688165253
24982603
1702398969
1613049807
84141052
2114251011
1339658917
261970963
2013887183
33266781
1327854941
1137144616
1096488274
1829466197
1391680074
1188992579
303300633
32314991
29219286
1318561496
1676682310
1697835329
1704626949
1731059481
296647977
2096163190
586946043
293348479
803431227
1454807817
812729706
344112833
1479790420
367645027
1957162640
1563931472
334412390
1149337909
1825902435
200815925
1182604691
1006273728
1337960541
131609317
688256277
582156968
1320601896
991556910
614471959
1349821183
162634758
143670622
900172864
1867261708
1874730103
1196820841
1815941250
314192498
1490169320
471888829
1769000315
155415379
816001662
1101307087
523060406
625680655
517754911
857472797
1775018564
196173698
1058288722
810139607
1202447426
248765616
941748924
1890703703
830922584
114867173
734776966
1445394543
1464688356
897411724
1589065165
217377572
617189784
1316311620
1414198414
285647386
1630504119
756884086
757536216
1252020786
912299465
1573537878
205844226
1435359872
51734885
723599137
145349021
1826753450
919772836
1203637743
489409409
2122220262
1452403359
1431158334
1865440318
135842295
1546025507
452733636
1581236839
863230215
1350145360
1022818356
1080607787
1967335145
191646329
347322553
105498883
1822150448
1104206640
863035099
926687586
2016506105
289089330
1132531812
1304382329
340824215
1856130950
1449731350
20094017
628420138
505885446
509503427
603156752
1958288805
1940661761
321113422
2094131101
1339203620
773847058
1527884292
54950187
2123992419
403219000
1135557974
1943843916
594865329
1482880528
2049342799
269532129
439603520
764894251
1196219716
308625977
1053983581
181267880
1613008307
1394807796
2037398830
915256009
1414901814
518335320
1421141455
1924405241
1121492073
1231946613
1717583354
1442605495
1178594066
909303326
68968906
558994710
964253513
45477677
962213710
2099811487
1989321593
1557079040
1435208367
1891180744
1826611169
1874811887
508591347
875347237
35954217
1562574928
1056615118
1648962524
809899077
946530300
416734885
77317243
1464865621
1837876341
2001722484
438874046
922339306
1571822190
1881479541
2100933372
333641868
1950448447
512444434
1297895381
1995926124
1474658144
1250223220
1837764069
884253536
537947940
1581461166
563381058
265276179
2090052513
1438728295
301230396
1505143794
347859765
1950192920
167559223
1294390066
219444158
244876466
611772039
2057320499
99115302
1050646085
832176157
1670937492
784641978
785625881
2004579360
587606778
1298070315
1154991093
436049254
625244811
257730665
126329676
1509498348
795678605
1707790842
2072879406
1060954785
1650359707
1364124053
1362185181
1008019853
1711983819
1164894454
1175579076
858890237
1384338612
1420455542
1470662276
1294175463
1519570844
373824713
2126351620
1043024688
1158466691
764493853
900120400
1746073469
2062564168
2055111493
34639076
540325331
165358511
160968752
2049823679
961037116
1868759594
1975219437
2021991901
1371635653
1191859843
1236693435
232171859
756360014
254104241
1407750935
1615250251
1638442853
680722830
938428879
785134668
52810026
1312253592
764002640
1095834715
323236635
1528496493
1995955115
2069310105
1443577013
1903582961
2103949181
1983902344
2068941472
117434285
1886242376
882494940
1986193879
1713978165
757003194
1210345884
758354360
1993696629
1442517743
1514714374
100317222
702785031
982480977
1738760075
1383507861
1920909856
376411095
1436317887
1085679800
1140413735
384668954
1408916436
521426580
233140422
1330742893
1965003593
2136723383
1287208426
1801422289
2058181207
1404642711
1540181017
793192499
1243352942
1106675535
1550195693
306215178
1865029895
1396408674
1748732922
1232260622
1496725896
304034305
67257951
1088002323
1687542166
1988167808
1464413418
976376405
926363960
457343505
1361045360
187796748
978770085
1594185782
1518539641
796290030
1583425517
658264419
450228672
1494123076
2062907130
1990409689
139831927
1158776424
949601576
1690027621
1464991603
667147824
938952647
1066240877
1899408446
288194896
1370275182
1966666397
1376197219
910333700
1807350557
693126990
1886710105
586230870
1150470495
1100271817
774027618
2129240581
546973951
145083612
778046963
2130399468
803348031
1228275635
1477038896
718771514
1071201677
1616870824
1877547938
2020803253
1159414797
1195055893
540467429
2098367444
113813122
292392227
239078692
1484088304
111574977
1615275912
246938356
1918925534
160919254
2133648462
357672756
1311389749
1086436631
1131700375
1293146682
1633410583
1276783987
2071193646
1616326403
2080132018
1151985633
945881652
651419884
75703662
415268828
381484175
2096506916
1574683625
1576540068
489490697
1525567421
1690353191
781882925
1764646114
1026957847
893457902
1232438378
1273896204
664899788
1393357632
1260061018
1022572545
557263733
199014001
6789272
1850410416
1832424584
1283573259
1774120414
1301267340
1216221629
778622399
99665344
1867641514
854326062
514934172
101642041
803349330
2089617797
1678182109
1292840027
1467701570
1221051652
2074722952
1084864036
100525852
820697206
169818766
1374422056
1485596995
1563176398
486999426
360685892
2120440132
686013427
367475164
1823366900
370954364
1651048423
1450003666
1672221704
719786404
81142417
1771887048
439944270
935468479
139337572
541586311
1738817809
81471721
72284773
884174189
1549173291
1293336425
811413493
486553680
1393862277
1632110700
656372446
620800685
970224047
72065197
1107800111
1330909939
45021681
1793813539
1698385103
1868388581
17284255
1201949878
1170908599
1689505959
1921736282
1252051016
1313909359
214196905
40035848
1453246931
755783216
1778853657
1534718652
828067989
515544198
936408295
2121404415
1326957692
1422961975
1367783044
811584744
2079334422
1988583730
1781808791
3915971
948900193
965235082
48937652
595230084
516136537
1917326233
612514339
1718086415
940751184
154536650
1492339049
45318552
1468446009
1706535954
85354400
774209292
314835523
1864208058
161444296
1142903512
232268608
1097852592
1116824279
1559226300
373330919
337123676
223327396
305181693
178223758
2005136187
309097664
1127123951
822887621
358035316
1722354036
1339024158
127877901
187384727
909626925
1068629085
341921378
254482327
1113947638
1810367387
1961018281
1199302038
437093032
128370156
916026448
598537328
1271273669
1148295057
1696389920
240614300
560037709
2069720840
577737976
783365106
227418885
755961734
641017645
536516550
1883085686
1463905267
894551866
1457956074
655445777
1022429768
1645340801
1565072703
2091058853
1987262179
1819555030
1057522843
1650145919
1633089663
109341234
2087238951
1761459820
1025367682
538292631
885249841
26179091
87198904
1125864141
586216801
9436096
1703602118
1369581907
236854981
312080204
2010599552
773371531
47682242
1327021171
1667923398
1505638316
1982466949
542869518
1003495470
1400056004
486444723
843274001
1072127386
1543967567
345936272
557733401
1653308801
285691575
171709573
531192835
823984207
1056959414
557371927
911183111
35339908
1143588728
920619207
1738942026
365686987
1157474188
2051022230
228802891
1930845720
2098704473
1555824063
1451285470
1456859141
1390807364
1994154988
312870963
643379720
333116063
1156144965
1715507106
1877083630
1502081237
125756859
1382908783
1787772813
297466433
1914101619
464273372
1354425847
323989898
1375456483
1389765755
1467578626
148592042
981224133
1833265613
1306066230
884762716
2062068504
1089428302
835983541
1470408919
393230124
145359034
713732635
239901464
458229998
1357112355
573017528
1614374963
925135813
302617510
968972552
1050892673
1685526294
609261717
1348359106
1452144265
1073535089
555301305
1776134163
301507924
1945067061
1096229141
450099966
778807546
782011106
1756166197
1663570262
696595962
698110851
352070155
19521234
1091340976
497429190
733253869
1331242440
955659188
2090366225
1904259968
422550503
868018390
59393831
1391523055
1918911063
1744920125
2000784773
1119786521
1049580742
926836214
1675087827
678231257
1228344139
1472671240
1774460398
1678444105
103995138
408987856
1287126654
1767565401
1105583818
1985237506
2119635556
1125105052
929094834
469581098
1858358922
112853626
1425240286
1801241499
2017113595
1847790789
521776241
2076507426
1091830197
293203657
1673943903
945131322
1412990178
576040997
1871967536
940594357
1254272254
952828027
265781949
881249004
483788485
369777088
1290236860
1770915139
2137342489
248337030
1608668997
2109494397
1373442083
390280183
431591848
1084317357
503133810
1856832134
738075208
372763757
1557139276
1259851449
301787535
501485825
1553055106
1975731438
1446617147
818561637
404288787
1171101035
1759155994
1658561041
2123929063
2024937944
392326397
460233900
247231384
1682563257
83665391
237090225
1930900287
1692334389
199100974
1156858722
2082614572
630692822
93692431
438264734
340041309
831767639
811028491
1897180585
2091619089
1112816026
251182762
1497190547
941063816
1697799909
168268536
1345352603
721417296
1927424531
856429996
697862711
1804878827
1248756393
1158096611
2052110211
783836002
1241762003
141716788
567252642
786612744
340817762
1724111364
721743668
971510585
1817803796
1160008403
1311551894
502087787
1971036894
1061248831
446223228
936369273
1312431593
1943413776
1877433089
862747854
2111682312
1075302045
1584165150
1891623195
1931732041
134544214
1549018374
1033004787
1292640825
1453644937
1816840789
386919180
1595361725
236609783
1173531924
1936179488
1960721148
1895275593
760206425
1631041296
907800348
2071758319
2133129083
731353594
985523502
431868664
1667722867
150471447
227798792
1397672309
1013219301
191997456
325490706
449900803
2083620652
109739099
584445017
1485155378
1142743886
1877085843
791316668
812101028
116521375
239194745
1048710811
1290053300
27890585
861948311
1037845245
788097010
345505959
1945645593
712371681
331151395
529515539
1697895183
763020059
49754759
1848366630
990818851
1447427068
714102283
1182816307
1772917774
1164003087
1118953311
1882656873
1748448104
456625042
877917112
1478050299
1247941710
1690018140
1594571675
1487136455
591245303
737141327
1515027041
1453193615
1774986572
155640403
1798699574
1573148517
868012085
2129850969
2102664056
418423620
745387380
4935167
119306603
1736206231
1452362235
833408886
771538891
1077796361
1997411973
1890492202
812969587
1598376430
199633596
1690886699
928943081
1447575306
1233421191
376031108
787228114
1824666494
1113172435
154771507
1130376461
740675359
310411910
781592388
166340228
1178423995
763959709
121520637
1596847616
1509347090
126455804
1716154219
1098069673
1578818040
402079457
1869608564
509130753
252007783
1612617119
1322100340
1850384213
1812250715
865503391
631843646
1112342374
2098924582
1007874755
1899570488
1776107429
2121047190
2054341995
759000242
714238902
217270257
1540592630
880579130
1395694253
157068692
1002099767
845058221
1666415782
1128555572
413728792
617001807
559889964
815808249
339126724
1069020717
1067816032
1951743843
243637410
770716597
1616510910
1109140801
1402560244
581369636
1060581736
262951351
333456476
689205517
236514893
240314823
1448205759
950753795
457585081
841314742
1831332926
1853279334
998383434
685949045
550853907
517315568
1814504617
964582699
1134317375
226910933
1780390948
1473444099
1295931651
700723333
1277704294
1539569061
1471439930
746731557
501226214
726516526
1328101193
1561807950
989467877
1661557670
103529819
1225982771
1901872493
1551735579
29252918
211973926
245566673
1860585844
2065253260
1243950107
399051242
468623519
1761265675
66072211
1433206218
748099402
292983145
1066113519
74059854
1588914796
1766836852
1351764148
981000209
1090793134
2098495705
1482226423
1817309661
1279113251
896550726
659293890
793187273
1000080545
1885276661
547576118
404332476
1914529580
759550045
649899149
1627631776
677319657
1893849256
2026683018
1145943177
1507631283
2092755230
431665747
108247038
238254727
1497779266
182306892
1827169523
1117132470
1534071040
660686084
60441957
1485083098
2142912507
1877751618
616712701
891979585
389561860
1409899974
1892060131
127354874
1957476092
148908959
2041884454
569542489
798808109
1522032582
1246862147
545173717
1401231953
245321676
2052805001
1346503535
676987423
13568391
1584758262
27283042
195875283
1264444137
1144415512
1729946323
1925130221
1204857469
1067545773
1920559080
935125439
1684258474
665055018
1324687300
946674800
409631501
1452042174
756667245
558540460
1346442980
1326209734
1357348569
720991914
425588233
1902522287
2122223867
670909909
1807843640
1321243754
1347897333
1821412031
758518368
1375180375
2017287314
2022962505
372112239
1599749989
1800609078
1576969709
519812115
1573684511
364611500
56586941
91255881
1689298800
1003261742
500887382
993857326
1759928987
1059427842
192816658
938655073
269292764
913808573
1364243307
24331403
888548792
2035153216
1832175043
62308899
1235566901
1506103426
820827267
463263628
1375907092
696306125
835375868
828173433
349431555
264861929
1347985548
1923116066
629473429
1404572490
2014371947
171288582
260350584
367775681
1165145908
2020279571
1427203524
1357962567
811450996
1696496288
124287492
28210655
1720827691
1012836284
2063363872
1405519086
1075145183
1151447125
764138864
1895972451
1614710754
2140045956
444794928
302602974
820735741
794226483
567464903
21237642
569858902
1196938332
1425810132
436747201
1368226914
1686160716
804522883
385889175
1558956639
84242759
1743851742
222923987
1780739047
1868139234
251134643
1354083090
733491870
167014867
612118528
1808637054
1318461992
1376257392
1557125857
785689098
1368819700
2001920785
1088292072
42071793
648663620
1655756975
63309435
1218522522
705211660
1489119567
1655269724
2073438574
1027796635
312308959
311844101
439269626
396551718
2055695843
662193614
29807117
1776351429
913328257
1383890207
362359652
1080343124
1996008735
23513058
251321468
1224782479
1580638915
1037010567
446118531
1435076052
2125302639
488190324
2083739672
1633575967
551499760
1154778547
191303979
2040619327
662564623
117258905
920932315
974873582
429103007
1360201941
1371425300
337315202
2022395555
1401232417
2113666632
788240164
637638976
328542636
1868583288
486164063
352055694
2119904757
1710946542
1932694609
1009431676
9581425
1220287013
987250667
497771749
1156543037
473342986
1049271509
163837936
664646965
942407189
826402559
781905871
1863339504
1801276141
1211008878
1076057797
1025217793
1548324080
950969705
278966562
1514507064
1739209869
916605538
1843049700
1460309510
1402769601
47621746
1432730619
966232495
1980316355
294678647
975813920
1053119720
1281929314
1473585670
62179110
1755272301
375373531
226017046
272435618
1317780720
1052419606
1054341489
1033636576
706212099
117866719
2109694374
1731429893
1666190800
913180431
2010396455
1033214216
504906652
779518346
728780269
1965216162
34804299
776402015
1250463133
1001036795
609234723
1545141780
1976850715
1662354443
679587447
1302952737
1724533553
287376100
1678326269
1950550600
559811718
848623341
855486558
1614153208
1882259918
1561698657
1732019927
1844470644
1145644902
1250727079
610167427
1008557710
136457648
1115074079
1788076056
865237917
932806594
1822880355
1641639932
35786079
676433502
103391007
1580927860
505800570
1765745451
113031659
1808753307
1342795356
400407759
1339595928
1145862308
960219477
40735622
2001348866
426889037
1922995540
1415563876
11425317
1619982536
413725130
1262152396
82666315
1422282840
1398610044
1197740394
1062875248
116364313
2130546988
738271956
1758004246
18849420
1414705458
1861395253
1599777280
1920506028
1479657056
1712808939
1581775688
674968765
2113216698
773887968
1820831073
925952527
814623590
1674696292
1352841565
590135482
942776520
1364266882
62634370
1356501650
478935630
145300685
631300843
1877545675
1343041080
1694176091
1993909988
1326104420
284964399
1604430586
1344953840
1699669858
1318342192
797247472
1472692238
650515600
362572763
906984278
1325484365
328305813
1680872247
998831791
1254258341
348012189
526044435
459616258
938147672
1468820955
1823883140
1000782042
677838957
155335122
1146082728
1309139800
2032880797
341640160
855832244
1879307138
1667744580
1140796643
1336254076
865214773
692982853
507112620
1662462245
18191444
1157628221
2025035009
925175722
335628938
205857174
458564321
1334460729
1460115515
806576511
1860505164
1919731773
1744724183
1181842471
1596131265
598022577
1859681429
1751466388
1744105305
1021337581
1636863537
2085745465
1877169825
1368687027
1606006398
870482821
557457456
323737523
1563465674
1064570076
1986199768
1581657118
74714649
1863751129
359349193
410343588
2069608304
817913514
1744804317
1382240171
1624490025
1457825834
1154488297
1221730560
492184657
603135914
1819753138
204382438
207118654
1416374795
1225720020
1843982192
1354636613
955406197
1065185571
813159363
1825889018
1622643027
1136896886
1241871045
539729456
975613006
676044515
614444105
691880488
1035393708
1024787693
614005144
1853307223
622108363
1996245315
1330313600
2079934197
1003249964
404560513
424635206
1606385879
76830003
629017645
1813504533
1493204798
1854737665
1510003077
700357763
662660214
427705001
1513517126
341065585
2050348028
502930364
1582936630
442593836
1478543371
111497497
1057037942
22940211
1146891206
2081825635
636945355
852714781
556450350
485707022
35544733
488900899
1488956987
440105246
913536106
947859218
516935249
1542553751
613880103
2010140048
1249807768
2123883181
563014163
1912467982
404104534
2076531290
106049919
306968914
431978006
1688986549
749562751
1910521377
1800484047
1806600693
1933461588
799891605
1740942680
422923295
1652606386
149909383
908630318
1688151119
638810282
250103657
2128256366
1552346388
1197962875
497707967
947416491
1811842978
360364367
49740611
1788242511
923378531
1962208594
44863397
852426173
2068258513
351832312
1284404179
1609761415
1101395063
1047441909
1262761814
760512108
833419849
2062653419
353971140
1256343145
1567776157
503880523
17489815
1108443628
1142690806
267593472
1089216346
547553546
1465556347
1586924314
1494970038
1129915677
1947288681
1544710649
770674541
723183564
1359435595
815537938
1575609737
1280210461
1167370250
712530269
742488228
121281665
1759972178
2005250042
881793773
445908379
1920419813
1235764914
1702251524
1340712322
1739645437
1719741339
301672302
734852595
1987334811
1390888649
1282406142
1305407510
830329315
629892532
287839540
630134348
27119533
1058514081
1353317913
1386555129
1874052019
781444002
519281942
893938622
1493974271
1261770170
1015220287
1106462801
1119536564
1897014061
1552371181
892472729
985295327
1107139057
85701403
577457116
679396749
387373705
1312309712
519247912
1778262354
447232206
1824655423
461108021
1077124738
2112494963
1091242370
1104244271
1023525396
297076635
343315752
750093767
1078520637
862597694
1644032389
425011261
2124367864
511769029
1531474062
1096420780
261299442
936361595
1988893509
1246594769
2043500653
2074594912
1824051885
575413754
314484970
988877949
1094661666
2092747324
1436110155
771833441
406371698
365751245
736844756
1497614068
1469995517
1760370152
1794690703
1813311269
362980272
725727692
528425316
2007012661
1150738953
505309532
371298042
534729368
1601730313
632597484
1471090963
1443140174
1879192253
1367107968
1370251439
1555760491
1942521722
1684736409
397154792
889699741
1630000085
1833264948
1661533182
2036371783
51532545
250894291
1386502203
1521528062
2011264443
1033709258
1187355684
226761067
1759436951
1715781000
86290081
762692256
73606884
457588123
1297421624
1675337197
1090185608
621028940
970993724
821894213
1988136908
193761515
230171056
1783174983
1878497924
627325849
525391076
1361014361
313107149
39440610
1249902497
364639694
290334901
488921052
1886167757
154115697
1522630311
926039793
380876764
1134583614
494337145
467166845
1897275870
567944029
924754969
1047213847
95797579
2014940577
1668242787
1066791303
689351142
1508896047
1260552818
919522199
1144587382
991567094
1546848048
1669978458
205097807
1859955197
1709419069
1455000304
77111243
1999753970
1943921357
1963279000
6386019
1319068020
741835145
387262784
306167986
1236172290
854429629
55960208
1804116320
1779184598
1103174055
1899913899
1646641527
623933194
819221554
188509022
2132829242
2079774372
1108031221
1129932976
923857818
507395621
652427787
1128955625
219867170
214363208
436472282
296978413
66633530
232909991
112773766
73019550
1551978011
854608911
460282334
1858145997
2090781202
1314711963
1914106205
1747413874
946412914
869796613
1499844125
445570793
1493729807
171582031
634079815
1479075401
103872755
1742111036
461524730
1027730573
102023009
1113952517
9202550
321890179
1328315725
445674832
618868593
1394949255
678584823
731642359
1467968805
83079186
1586251270
1928251139
1941225183
1529548824
1095479455
1707847741
1129479050
2041892369
430160706
481839527
339979514
1923890513
653421558
974059330
1255482267
757294313
568686718
1717006997
1785024886
670709728
683475866
1794227437
992599907
2011791591
92418621
1611468500
1259257198
771003445
195627211
579742356
854082631
1781878482
360509847
647824167
1163943658
1455989302
208188260
145939061
1350398023
638348966
627778588
1690377538
414755831
1281200147
516953220
1670238098
2038494460
1085639938
1239761447
1676035699
1756349666
1923237313
1322779488
601465926
1787545256
1415198109
65450778
899318807
38717906
261077990
1479061163
892800538
2042956472
1839571010
1540624705
1059416482
1148076665
1748812965
1205355543
350991040
239678283
1833134132
2041368578
654434114
966850631
410838150
177188565
857861443
1496478089
1416950012
386413494
1105344107
1192703678
1709192982
1706810033
832765286
976907444
1772260812
1732084093
1015625350
2033338802
1063661608
1908425888
1928811626
755748971
1301566945
840744460
1903825636
902896262
2046100004
107333028
1142574545
1731750488
1217959
1797008660
551117471
412056109
1974197225
1408978914
1908534198
1243663589
1795392409
866394658
288883619
1357101743
425721043
1121648906
186525539
50498207
706249351
1202150890
2083837009
1769910960
963093130
1865164987
378176283
117176428
558425800
134518271
1020072690
457042156
241851299
15163588
41308996
243069258
1812172248
592426467
655125368
1638885825
2001405381