416175918
735065766
1649314142
1282570576
1023949386
858932238
1708291620
2145598292
1045457777
1758789827
704363995
100125019
1695143189
326791307
1063218150
1412824528
704967590
1180394578
1971250328
839485861
52983620
280808836
1081337161
68147208
322117832
1324406419
1880319456
914544299
1979531787
1371721633
768466033
248224058
2106787400
270296527
1530794634
983253138
1129228765
1091602606
981367782
27202895
702908786
1685731777
127327914
250568327
2012523085
1190546064
1663392855
570007027
223456994
1487159536
1409492889
276440615
1767968372
343346402
344587823
2090086205
1667752821
77423632
857146856
1499800961
1449145265
1625612889
1748025019
1408449017
1895909417
1131336005
244218507
877654534
75454964
1225586289
904857429
778363750
763834419
1032185344
1028932077
628873856
75247760
544841284
1198880883
298704755
2032000820
460890124
575145370
1652485545
804236526
919733193
1595088102
324505700
997156825
304751310
1824306661
298818443
1930364200
1424848032
1707267460
1678789969
408700389
1951485968
408960855
484155353
1029588609
1313818285
1262519103
1793423028
198519981
143967532
274813236
273767741
688808817
1473694120
572472496
573325989
1934584244
1147617866
78327886
591337123
2067351060
1673415988
915842823
917024237
1978167299
592665836
1215842680
1761047851
2017513868
775626493
1292354172
278730609
579628813
1701315027
762885963
1609217422
867649664
2025405066
1255156803
1066169645
21888951
1529970039
1339937387
710697768
856180511
1912409883
1284023757
643281108
912544102
1362351644
1234618231
832411514
888283984
2977406
1749435751
718967635
595643242
817794784
332531838
465673462
1593421277
1624886010
744404071
25566442
1178717390
1507290034
1634783864
2046367054
1385211453
742457019
965053052
1407100404
124943411
157506791
2117798172
981123922
2069916674
1254338281
1624405030
834977128
469206277
711539613
1667388642
1357490262
714517019
1269340746
2076457897
1310160261
2087135530
261506088
1775833723
1533073159
1886392098
372754147
1558639601
917625840
1880044181
1045939817
816509247
1117771986
1788396837
1781562299
377388742
1913340248
1939069090
347703266
746980522
1861502116
1602041548
223901905
548995597
2071247825
935441518
68900591
1281254439
1649958538
1338241337
1210228689
812635151
1277893219
1471734777
440985227
663482730
1210643227
813739374
74638683
2128269068
546299907
1120578501
797294667
1664071894
761491690
431373318
2041460636
527348290
222958760
241680255
1274328812
2084460876
1843721803
1498230717
485972825
1767485980
286188588
554873417
901256772
1936147126
1893114754
2111485461
601298629
1023524326
1435736590
1042283856
1687007056
498896169
1856023230
1761645740
479681589
254839490
734740593
1276976256
1918911384
1496232283
1708349574
1812888372
2023580573
1931308334
2054568627
1150425737
1868285563
1750806782
501172807
206774740
1370809115
787361395
761648157
124582239
576024873
507279264
88584052
1177323502
1530803590
1524320642
72123711
1070326998
2023216811
1928146941
684489090
355414753
35502783
1419229683
1632391009
1954414167
767978318
1193256936
1619818892
644075243
977081622
1526903871
1794500981
697883537
1130227006
148190140
904658278
353552473
935551535
1666306435
478134712
1511576408
26102051
566718764
541416262
1556905641
2091039406
613539973
479748992
1966772569
394203267
1164238082
174703674
429706050
435984118
1807094684
236636570
1203962436
852867972
1856455462
1848037680
1829949594
1235875685
1495055013
380349484
218619043
1643245153
1285007762
572171516
431313040
803830549
1050306228
1942889448
829932601
1617024992
336822062
239354594
1560580750
950362036
719103586
1379869672
1344565303
1883341669
1554573346
1774271353
171842139
1214184382
2010907923
1375804575
2067052354
1719879737
1076358607
1749518301
808271775
423929972
2129867785
1026890818
2067175125
1267391899
1599062335
351004517
2071222448
501884915
146410317
753671401
2118909908
483232380
993025996
1532007010
1433594416
1712129582
764393034
630676071
1447987603
171482733
257463776
1619829742
1385667115
120888052
848150670
1305235822
1840767789
1924509277
907270475
501555916
200955602
889654612
1528446735
120647079
9562863
980025422
471651597
2080785311
1481910337
618061914
686973065
1453336597
1101294294
1679999061
837859960
387405062
1244644995
1602252994
1018081133
545148951
1773735727
1275544910
17495045
1011919195
1396432962
865645715
169671369
1089717103
642671345
1076941844
1591273020
843626947
1966596456
972236107
964274026
1976159319
1952261529
1435925623
1909460982
1286688218
2053987538
448950399
592541168
1007798184
2128949460
1430401128
1395203247
1226110808
885170474
265800732
1771259759
511422554
1541345642
1788754804
1523341749
790294956
506916872
1693013118
1880012060
1149588217
622471314
1323801432
1993215164
441584122
148553891
810005542
270259793
2100815420
98447518
32237127
1240019990
4951408
481187527
1832561158
1012749592
462653339
1115478638
260469191
1688764147
2000649113
526269924
1312540258
364588019
2067615566
953811415
1887929768
710426875
1460728287
1433459238
442955287
462832856
2055930552
1766756719
308564372
350031026
1915310610
1118569914
620290819
1868642382
1217017432
652527946
961178724
1221968840
1133715473
646256235
87234785
1596368813
1761734873
347703976
1137649312
1614900338
873973900
302705923
1979488357
794105819
1256517338
1719934477
1504532694
569761977
1005910067
1947487981
1032594833
914356971
1566761052
1341159205
1264387997
1334588014
312245471
1884678816
1055746748
1529262904
389723115
2016925472
603748096
1523438588
515698059
690982881
972323753
129949285
1038686858
2109973066
1744849623
1912660758
265195341
1576854333
559282929
1521712679
1149305162
2063815623
2091474656
7731582
1863819956
976585841
922088553
1283097360
170261398
38992903
470201726
482506869
1923671719
1525948474
2011769773
165911186
1395390299
468034222
1689349775
1911088358
1159017103
514189880
2041037643
50220313
476679298
1638403619
1962881072
741874639
1067774304
374680353
116103670
69595818
291012329
60094678
77327400
7348637
1036680519
999415954
1290445998
1206941917
1038408857
1760647724
1689448787
814596928
1139112551
1553734912
980508115
387019202
2021769134
522374242
150623912
1033302590
1036564122
44177908
1083522903
1513243421
1682581527
898920327
107634412
602872183
1273600681
223738083
672468001
1564613010
283832761
749795402
1571961647
1320513281
1749211356
714923997
379971550
640136565
328088074
2069420337
1454733493
1467200625
1475671602
287757960
1854219827
1349957088
810132202
2004843739
235776030
1846696325
2049021647
1319298934
1212456098
1584119526
70735613
1320090510
39508061
1344336294
1543828593
711976063
761465656
1827661355
1461771465
185943656
1000690988
1063499173
900867653
1380662538
1703635738
1228955727
1302599228
1010885583
548672704
630787182
1298643544
255408883
1980744270
2108775746
112768975
69036653
1807988423
14306974
1388335587
872960873
1598426501
1459071200
45567736
1637934562
655923847
1589396329
202426977
1417389503
1269574036
1664198442
1603333159
122781376
580213967
356717165
1503443915
136366057
1585672892
658559495
1147251641
2134345597
1289346677
298411537
242270832
1122607299
259703635
355039807
1191643952
2067692059
369346782
432495891
793169284
1967773283
1891567092
838737020
1458224197
400007291
280649702
1660651175
1817396794
1550223738
1177365969
1273246306
1673005115
1757579937
1629963471
1028965382
1893945994
1068152715
1687524877
893713987
1055014664
829387906
1192125524
1297285497
1951995205
1451829160
1652325304
996155510
1372037571
2021672086
1428651401
17723207
1841961721
1172734845
856460228
1152702271
1572742136
1137109930
665869798
1242655283
539850020
1843235767
368417941
65371487
1453332056
1998381412
1094336869
1199794403
919050479
634378098
2093508390
1974065144
1463766004
1138150267
1123866993
1268277562
442495779
628708649
116949424
1814533350
502897088
1545600825
1832256557
197375161
570852023
541233137
1350077432
2143594159
1678343067
2015947230
1238765794
70709440
1711699350
1607183735
136080927
1017547758
1458081499
1230417797
69858513
229648331
1864795895
15883256
56229827
1181078252
1154033523
1180096820
301872166
1596529302
1808805469
418821590
1263579004
164218909
1964422415
948351913
361594071
387790790
1489585051
1711671503
383901302
1020444470
1580135086
1622667096
1091153910
1144350788
1082367184
1227234838
14414898
392965035
310168987
84273412
622613366
27481234
100156668
678843193
1208559486
1254190191
1858940013
1510431652
703235845
1520261835
1929253242
1966814849
1684480744
1746192010
767683114
2046074815
2133982800
109784517
1610262671
370400454
1130228988
1042914109
1993067551
73899250
39781249
927951087
1301134088
54196147
1320916122
1611303075
138469559
1943529489
1638784310
238626227
474889034
699860148
1492816418
186345400
62808153
48568615
1706607235
1992061395
2015383464
1243604331
1590769757
635582931
1142195499
1577268910
745367448
604974522
1947669364
1875596436
1647888631
1793253267
1949495687
1687669880
573720706
1103146127
1741866027
1894636829
566965555
1880335587
1690682670
58266217
2118961814
18088056
758126365
1464294585
204433456
820934518
1512863200
1911040691
665512266
1380763017
1007161375
108798375
2016345948
1873226
1686067285
614229748
606847748
1486253002
342342537
107252731
1132022621
144354576
1794922611
1705743328
1247500703
1389304990
1452896509
1814466258
1122156929
996095531
1872732475
1093635096
1014183587
483375193
410446033
1218617044
1304309711
1923309233
982174087
1969821977
1156588602
1989335462
2078620353
1025450902
1991208688
1617203990
1639680651
450572788
955973344
1982023188
557825519
2087995966
2126377764
205264482
1646255646
1226394819
1594569473
951668507
893377430
569242754
1947764038
618626257
1662877850
814463977
1102001450
2073323883
2033081021
258827514
1849149469
867771461
81165843
858254423
709623275
12302548
1883705326
553348316
1629506539
1375902329
1003921104
437996235
1210441869
1561746624
378508553
1189335985
1767011106
2024764199
268247156
1214096931
828949058
1161624586
1783339686
629229448
1780250844
1298733888
1443693426
734768646
1224574124
1329290799
993596160
926239945
49578612
1074762004
1784494368
759201888
1087064552
1520716046
1312550204
569087443
749134727
168987660
1007083679
1959576596
1730734284
1385592232
1001428933
1350261743
1262872784
1269676090
416875026
2091821842
283817028
52731064
573567643
2064067872
1351464953
2017261069
651352871
428555429
1199068220
1644949031
1354795374
1248646833
572227387
991806094
2007848721
1659291940
365038493
1172915277
80895735
1114173220
1341902937
1087979414
926266169
925153574
326087999
1927695102
127931669
1588960783
1049887544
544806695
1533298977
1333704573
597537760
2106866620
1250288797
1949002713
1976644041
1901641668
230074494
1028228614
1399107052
1584869868
129391799
1971334439
429192314
2137240520
1483142731
794230807
1162672149
1564038467
1908404028
357091438
504534233
687186549
1282245012
830622232
467398003
1410176681
272099367
1517285548
1954983377
1805398345
703506473
405037489
1764781317
1953795270
206556554
1593941711
1707953291
436631048
474686677
959576695
2021500916
604078476
783427486
303209582
593835348
119086570
1097440390
1756507497
1683125037
858360770
2113598935
40175622
1545547319
1248360300
870797855
2012945322
511053333
1142897222
1382747222
318553062
800811919
2086253695
723590551
418109589
1892565318
930147105
2012051300
1453034961
1366778153
339254329
265128008
1240795421
943332805
1048555494
1544005004
1537168153
1167642064
493961746
1146192002
703283453
1352322516
1112307289
743459076
750386187
213183941
1614256931
615847861
724237275
609670505
1998595084
1042790337
1410482425
1937365131
1766380889
1828592014
1682446801
549044346
1693159666
987998114
1915822500
2032413995
1253126122
1009134273
828263152
154197969
405655629
217947657
1321840033
899617375
1364139659
2025123487
104456243
328963300
621098915
854842430
542147242
87872198
1470690292
1266384517
697542703
1321801728
161691206
2108025128
1111683211
1928072095
1789133494
646646365
329632794
1334809512
1634644479
97971646
1219739859
740286954
1107105919
2048003011
894484923
1512761549
118467020
68841308
264895276
1482606679
2093964795
369351520
1811569980
567580062
1224193950
206233574
655452260
547400594
1472618091
1352994964
1869202322
1634309297
1313536444
833401886
1414897745
955186291
1480048251
1744530539
142512155
967209082
1842502185
1362252015
1707496036
802124456
1262771378
454497311
167402357
1381238399
523338620
432297634
716361430
469819767
801649154
380447762
1037399830
2025843104
586681336
1692852090
425760051
2059299427
898363406
147478725
1546125077
64416203
980880611
813539174
1019602494
313445214
410586065
1162114649
1280654297
105604602
376883016
840666685
907729058
1639654395
1295163997
1075131416
873409146
1818502617
1507429050
1589770576
140838736
161594556
1970218339
1178238566
39954012
409416027
723607009
465714063
321231807
1621970415
613192789
1867356884
1686386618
1594073400
533412410
558505464
1907518615
943998475
1720620114
1040689264
1049603077
2097503130
1881355949
1957332135
1589673877
1029036298
884979903
315599375
700055267
244925305
1905369952
840894004
406519861
1728104643
2019132570
446473874
2137520670
595255931
912187937
311268829
69742699
1525380726
31142065
1756129317
971970479
564554475
167151134
732005446
1508552950
1887771248
1772694710
410672379
1837790730
1506567011
220520867
1279980960
388119662
1105500770
1595580335
1088174929
1350426076
1353466639
1929068933
1756945937
934087634
1800717856
55936163
924124657
248490139
968124101
1235393486
318232838
346021179
1266535552
2074362156
1317991658
1831090027
94029642
2049997104
1192159330
1981800890
1675208166
1602831709
1672107972
1034291530
1823352576
804605284
1422411192
781369699
252701972
363102473
2131795775
1606168611
144687759
1741258064
392772598
1945405615
1797194228
1316897255
46412106
617834681
404807093
364644945
963855860
1671342645
291523453
134363871
1354949025
385553095
36877327
399624707
219870337
1712085494
2002456416
1891978309
598893376
1678325345
549099946
2021304568
312211396
801801918
236923393
296523523
260486881
381611152
2037781587
653259479
179533119
1687492167
1970156734
225945226
157843200
227480180
590590171
1121699061
1898822825
882113624
1256062932
1106288202
1267666719
1292940259
1505912909
1487537056
857542105
1360885678
1232031717
1456435481
891727375
1781131663
1330256401
1203938771
435449933
1567179795
1500462294
695936815
1948790947
1390760233
1349196294
2128324067
930768753
1171869381
206785645
1088611953
1399349561
797375816
62827366
1150688738
1679489440
1318890298
109493293
799672511
464346910
1615406202
139725919
1321889015
828808232
1371757636
630840849
1720535607
1005405652
1961097250
776990730
1440855585
1380793397
129969376
2136792400
1182100697
1520729610
1338505047
1162941116
304014715
362890780
1369726761
1392626668
1762240341
19618929
1455454035
765445431
1699108369
626860685
874938724
351297232
1091207595
342861279
491023151
265612963
1171669511
1862780787
896453812
744721471
720702791
710067414
1521712201
14074729
2090860812
1651681578
3383481
1125477861
1024927540
1341888528
140935329
1328942255
1704779308
1510662090
574085275
1319536001
1530281019
2029539310
2084981433
1081905740
508916348
812436509
1433202972
1600123943
1155297788
1924226123
1865736906
179483652
1639523262
614707070
924205123
212742406
1324774485
298433676
226817135
1268151649
1950115254
230200616
246145862
827559146
1572089145
387081191
9017753
1129384805
1897743281
583103029
301437159
1280540652
465158691
238934944
214962744
974075039
1051371453
1648165716
426715335
59185594
1424908191
144968593
238669246
916947805
759675664
1162874369
1129690211
2084450149
1461308045
1356507346
1205118150
1263939652
1586707963
1451264012
2091498798
1011313460
1838345203
2100516552
2140698265
1588604836
536135933
294651776
721661840
1001294624
533586720
936624584
1975369664
1584958174
437306652
254601351
1644143768
1862214843
399569944
1882813014
631679000
1159245608
898203735
1761369212
1096212109
212028132
970392910
153846611
1475967784
409617225
1605110623
1419982935
1420930685
1295972178
1373015839
1414145303
737093366
1909151772
1708797079
1458755206
762962748
94900152
247896142
590848764
1679858326
685202794
845450115
1176518446
399933989
1245020060
911847812
1031612990
256782020
1810051547
645498554
1352994130
2022079679
1615891464
1506840741
1350563816
2025508690
964467717
623063103
1298955727
112956247
1996078942
565617382
850049614
1757747066
126930814
161321172
373226166
221830966
409217315
964074931
1901689292
1094420109
1809525046
930724090
1494354099
907061458
1842571902
378483441
1163843479
1505139801
1023981995
369353961
1379735832
492389811
1876194702
582816000
370414853
693178771
1205879103
1669370581
806135019
1054474397
87504315
1656184633
664737815
214435129
1817505805
1037963982
436266095
79239472
2002038913
190471739
1173659582
1664080311
1121195829
520530033
423658122
816284083
899013474
1587501601
173940236
1922995469
1956855562
1553676069
267901632
1685566616
2136492069
638316486
231261740
1194887525
160203419
1037396759
101878274
247707734
546097744
766616090
462142864
216119901
1804580072
898408959
295359374
1659135337
1088880699
1469018956
1175732000
62592880
1989548989
1599390122
878876964
741078815
1039408075
1052817200
516590636
848779989
459009621
784492268
386862958
448018043
1422808754
618124698
1642905568
1583012173
1655521457
1744783842
1830719908
54135553
363916284
145379124
270255454
21012708
1043788083
565614828
1680148045
2132668782
2034633784
708396398
47778015
1876699125
160302872
926654979
470294292
1199710948
1979472179
986884928
2048490937
290998153
1771377197
287870247
739016196
1046702303
905994945
234438116
482230829
414032754
1979221958
165467089
468168307
195654595
310846213
738423762
216667303
1354634296
1304038590
1896815349
1339819431
1191188727
457728099
1387597446
920404204
618030971
166768777
1390698497
1817741919
2146240956
230099777
1718749209
289755461
2001476974
2006619456
1028771657
900695630
765130754
1263209773
1382926459
1179163508
1094948084
1548393548
1647331816
1290602679
1859239761
238271930
1507269982
1066390409
1542310520
1256601683
258726192
586015599
1714329782
1646323638
1506419804
184877106
1813092415
749634653
2002619025
1811849724
979734430
1573884586
2101605185
833727757
1433020395
982893195
1734423387
50667501
98619320
969866198
1229831009
1193567404
370776098
729679177
336686435
82532211
967951107
1843956418
1148922620
362777980
953074453
1407648813
948793579
519920588
906488803
307729735
704797694
572097571
1057364388
559933071
236463647
2037098819
2133817658
190585184
723342928
1419354405
1173478379
310282667
1470021906
1272097700
1280148865
552369267
318181456
1650924963
1282048445
654867892
1733457174
102515904
351340662
734896146
465293884
1304415115
2142544959
1414087464
1824335703
901550115
1721817199
381649749
1473647686
631697940
941582821
1710111333
521313111
927916831
1900696517
1244656039
199787588
926691249
1554938706
1669809494
51305301
687603923
74695113
369486757
191045238
1356743558
1024354649
1924502412
1459259463
1375695311
511914910
1924553347
532626779
506976222
1191157163
209478834
1408526337
765490715
591128584
734690375
1397188655
1532711405
297318060
1918501766
313144588
50530929
1015674157
512932176
977222178
423129215
35258022
1028527479
1110733138
109953135
1398014237
1301778376
1466696694
274885238
1078797140
778472509
1650580550
1590712050
555542208
35723681
2097688272
1746699372
245202515
1358730961
364706439
836331099
2093421336
1761895094
221558856
243255748
1532913212
534703444
293786678
401103721
1047635620
1271008856
824232936
1082893642
152052688
1934966074
1192846778
1550066925
1089260802
512059824
1824952163
20574294
1290532333
1328049065
1611286344
1846074541
1363772746
1561490969
1445290265
1608975262
772738282
1809996704
297822713
718675971
1424408150
519381570
961931719
809837714
1054085014
1255718397
1210941435
2101720635
379243606
2035174371
1037130629
531296294
1822656797
82493759
2081363219
764433951
594553583
1758831734
785008245
1885085916
939397152
248810942
1583676810
155686250
1810301911
881483427
1764661512
435556545
543996484
2062484226
1154232516
1968404634
434382148
2116164236
630758701
1488467162
1224398985
1841700136
1442704149
1603642591
1729390860
332351131
2134938885
1404564009
414844890
2068818456
21514313
1009398474
1680166543
806522558
747000742
472080047
1055333500
183193904
627766297
718151763
1064677332
244944162
1153708309
1608673816
159944740
160457177
1429594802
594326888
129137765
2060353503
2082794050
1353536751
1754569992
1378014552
809695694
1336477204
1710365683
797150932
593557565
2125210573
718485740
615071878
987125399
251168635
1421594437
1734126142
723248682
329444289
1917320046
1351014980
1047596053
834513730
1595959142
53820714
295703898
1755903882
214277891
1725298701
202747122
343415657
1638168556
138057524
1696952408
1245254900
1516072076
359164454
434248456
1078954111
1156315386
1027806022
1056681037
1874801127
1642877900
2043806436
2125969762
916988689
1630448930
701734797
1246432979
1400285329
2052749777
146545384
87315411
1501225271
200366098
383019310
1109645505
414643989
2108318011
1312392627
758059646
1599002919
1450450151
307528406
696774172
819038580
666692861
1131022628
1897992691
1823008247
11345002
807190080
1550325726
1654222903
703512869
1528811841
423727944
186478151
83062990
1670160923
1586763480
2135812767
1816706307
1674078892
1489554390
2017072405
2057098202
451716247
284232747
2017932565
1764108874
1042292393
1469451836
1067075377
1349820800
18742360
1886113957
2016513661
1149764989
1636623001
1692038260
1161109991
296329433
1094880339
667849246
999842302
476208532
1091577191
1186320454
559271522
614254466
625600286
547600641
283477126
152195530
2037155031
153065883
61810084
341387630
437298630
2079742649
2105496504
1479591024
1401710838
1025088233
681928176
1420453198
763718543
550958189
422734539
252857896
95512801
1583844531
549187329
1190393140
104210129
1549029632
1666601672
1195787320
587866438
78389546
1810041787
1213466724
625990187
2093518913
1365662255
515661570
99101148
1427472339
857049200
536399779
1359731341
815062056
2015990803
613958531
1840150290
550435331
2034411729
456385185
1101393520
309662621
709243081
1196906321
1893507152
1258430410
239815814
1997717281
659976394
1906417486
1046020954
1247842832
1984807033
708579093
313825909
463313572
654614358
1679488164
978975143
753715506
959476855
1836024343
1290115285
171724548
503602752
1158622440
785683079
196269394
1709057771
672611161
652654579
662967643
982273782
1361897660
1859873965
728297286
472844422
2099689779
578530919
1132820817
1858623617
1624551873
233180001
1695947002
185647318
547005910
11776927
840261676
79010426
990752070
1593977183
1038487282
679292765
736608820
1210211830
1182895517
1895231261
1995894910
1379164911
1456805384
521022423
2031819490
2119773028
1503296205
1246233502
1832163345
84109843
1719077925
1784369476
662640762
704415094
1495509445
139708988
937595095
1043972800
325356306
1484601006
1055749727
1165617983
1563611432
2046501797
612111518
454615066
578310914
1348720338
1664826897
1761206432
1096467951
1513238159
992887695
405789688
2034260582
877223538
378079068
1390073139
2123457040
62758765
1474182982
1695051317
1847128241
2136823744
251982763
1195154038
129049084
1189577859
91643190
454405391
526695217
1147392917
1620023374
2090306649
1046411066
84651244
397438068
1624721981
1433371582
2062264965
1238444765
382355886
1428019476
83848812
788145574
1314796410
961072350
1166224642
557385901
937045743
1228983407
2031568883
484613412
928628000
2020908979
736596176
2123782038
2474416
1926174035
67941581
456879807
305385604
1215334498
2076903181
248208605
114261917
14070777
645646673
1738983898
1447442359
560427990
829945015
1829798245
1988447466
913793827
470460171
1155760228
1874866178
1636684813
1713146129
664428273
718184572
1597231364
1149041685
1646812572
1470656696
1885637861
1623110963
1473131112
1664328248
1691052544
1930010919
1969713852
758903394
1859430452
70438810
873165311
1873501229
716085483
464665561
1173459940
1276513474
1294610576
855774538
1117477292
60920756
1326234709
125753873
1935786934
815435875
1838900002
452731559
1533620447
1288647719
1601773244
1032949372
611820767
1339927458
508576687
2084951879
856772058
52145583
1867479150
679002263
811048977
1579425954
749441073
1684214289
1305443535
1465526556
1396202
331419827
594556382
1296006779
1187194365
1712033675
1356927535
365945427
1837787548
1145230821
1181381302
1529203902
1597962380
567518101
670367973
1052251976
1600467473
1282188740
244695786
2109044160
1219656971
1101467845
13706095
939652473
1780470108
824755073
371594779
382427533
361485714
1677038314
1847954089
362881916
2008458142
295026824
1658888695
1048168859
2007060499
868332582
1414114286
1697364399
2013563403
448011940
1079084653
1464042135
1015530042
1749452627
368810464
468513867
884157719
613506250
430074380
2103814691
1714974095
443780475
895983516
1347960555
1268535548
1267578296
1730388088
1630021262
797132962
1430858530
1992903179
658107456
1725885354
1504308226
1706276316
1585462205
225157161
972906954
1135342956
91236916
1420918895
66943961
1555279052
288965289
1816396588
1924089516
757479156
553070660
390112118
1187553536
509401703
2105086214
1631334012
1405385219
1305563121
752385912
525479867
888467562
234923527
1322612830
171842444
80343058
1980720286
1897727798
1584651284
1539512954
1335706355
1809808445
364936261
323565663
1901045362
1785855156
390509624
1308840766
2074820445
59422565
1085446634
684815953
612493225
1475558752
1872369490
1121894928
1433161318
1356219854
379796499
591240792
2108605766
905276367
1479708354
196045645
80405549
1651550798
276388703
2061125835
1401794948
1861039988
1453155142
590017655
1523364785
1818091403
913583318
1276926499
1456462911
1304092942
438283617
1383799708
1363515507
1523730251
2068615661
1976008732
851805356
1793501503
950420012
137483026
1002237709
1330216512
728723818
963359828
88009231
60948524
1159405473
168414780
1712499322
1435794177
82056967
966810622
1149350517
1535212109
1556828277
525231654
1205819864
322927947
1802158154
514799127
1627020890
92958123
1898598835
843052749
1616688375
1819730849
671577834
321010083
1465748704
1621997846
458493109
320502766
804730710
1187216928
1283862594
892739941
1248165452
295784419
1061154721
813181127
1731578596
1143211689
1779991749
733445465
530940150
1189336379
1258677120
1736760015
1512264326
913351626
104075494
991801568
1006309749
2002674330
1834854318
475514476
1674921531
358948504
796524559
993186587
1980946350
1255017669
1313689353
638193413
294750949
450068299
1530933354
1542916401
745852719
444604428
208613880
329947667
1587816117
1988605630
1063393133
2118756267
1030458361
174586605
1708032634
395239039
1087938231
1812108129
1387040608
2094247980
1667298811
1074411278
422278809
1194736694
1433359782
1218803368
40439633
1266822484
326337389
1354128987
1905015897
621088338
1804197286
1288465604
16521092
402566357
1733070032
225134972
732514025
1173402501
66256954
1795907158
1144675120
1096715315
1970493763
705224107
1491954355
910948346
369848588
731511315
857712678
2037147399
1805922593
1279991487
1084400445
1091798727
351311208
1124840078
211137563
677648597
331485417
2116153461
1298736936
2135682704
1257135417
1315258028
390765413
842721801
1540393000
1123279438
2016124302
1606649955
771702948
1013315774
555881622
594713063
1718539881
2047835977
1505661409
2088388469
631863644
215890440
1978052220
290302589
1495881927
914969017
1382101316
1847193135
2039809096
1593238880
377358085
223810865
1561908693
1676095021
212009921
671560462
843869401
602775335
1514282263
236778753
1726054773
1382922917
1843428708
350274074
248755043
251826683
944987137
1967294925
152179012
303164899
1908199746
784042657
519055339
1738768319
1074345246
2014937266
506253688
308962915
1714646754
398579136
1902201795
2092004839
622390002
1316626840
1620616212
834399923
1988187302
317001965
1437175258
1354985917
553780718
1015746384
590425186
249725779
1366020458
839180229
501552462
163523947
658991506
653731474
466688846
419707605
1437774131
985744185
10992276
364635730
853197804
517245964
673598645
420360910
915825101
428316792
364882101
1538215103
1744943632
1985498313
225131378
1585647286
155016630
1662306637
793149555
708797348
530569373
1383574741
958523127
1896589831
75271322
1460075589
2060113778
734262829
2113807064
379318977
1153970434
1404097547
1365063162
1164962710
1768733277
70777318
1682208674
294848274
491138228
450550127
723165066
856020329
1988765230
320625050
694034994
66412961
1906272336
849051624
1728719598
551938243
1557848973
111805323
1935512984
368888452
2008395154
2010784307
1828964042
1921025284
597563488
1795287458
152860613
1751533922
1051901357
1517923776
769012984
673150987
1588701094
303738010
967999261
2079839323
754288138
1691164328
788376004
595569720
2011789378
1482410999
661982681
1770578067
183978975
243218631
175032662
1741827948
355023954
2110545647
2110716401
215935460
1973846306
1792196795
2136960745
423926146
1440000605
142337710
27976420
344418314
1660261486
796989404
1017569301
1101478933
1100727414
1985568563
1033834608
1855015552
1529249243
1822210612
303101625
1393554973
1157137963
965084306
1016649392
1341116939
1208302938
1191682055
935461239
1563326892
1154744054
898693992
1779262353
981106712
543407139
1768739450
1405032858
1983407744
1911077160
1433009278
180342411
1423854999
82515034
1197911712
377850284
1183242448
1035996627
1411684892
890774353
417762222
1086411856
1193875978
1811317196
96066172
11476636
680482940
1437183111
1219779574
1872164995
225160702
635622819
879425401
1123854695
267401524
1860532113
1667261834
2036140974
1118081323
1503185931
1799734486
403606953
1683528342
1076105837
486121987
733956406
1453956121
1669364436
1769953034
718157365
412655141
40231608
1804569222
1606531119
1851548804
1900635394
1618007755
384548097
1190334857
690303682
109229444
1415495559
1325926501
988654846
391866606
1593328025
701703311
2059128441
1481985351
1819784635
1414830724
1134236189
75907940
950875418
62858379
562029928
1684831824
1516814500
83910716
1307301210
87488218
496565857
1347532819
1892057440
2103096976
1051597975
1645209186
1573621083
1436146072
688060395
116441117
1545375517
2103555954
1442367618
386546715
347938913
888211995
1088250026
259583706
222713698
760551013
1674414430
1356949888
836458954
477806200
1419808267
1398488882
15154376
789139119
1482399598
1322455587
876627337
1978965455
522504758
621201129
1934578783
1574102733
118926667
1360716218
862765158
806987062
1477157336
260657027
763059369
772041306
647203742
1110998282
1660253302
1735453768
1370581988
1882967000
348521134
897512770
1092433240
1184980088
1375318970
364757859
435985322
1390473346
1153896979
1918384920
565445285
2030524316
1749866727
1087950043
504241798
1536961862
514569129
623168465
750194432
1377334287
1430155528
79868120
1637991314
45731249
851909427
137711408
1156729531
364679081
1873165176
379827871
100162433
74202662
1277340641
1192595674
1259182750
505175963
1557353533
1695168072
1895649309
563766864
1466069344
313610947
446807533
1068452423
1401560990
951049331
457930637
1916130119
1574217796
1208125070
1145980758
856889676
1287993190
636488424
902620925
2139902617
774199832
2059350456
357098050
499881361
291694679
457260484
574084023
1569035320
1649856158
1833266774
2074211283
1059726043
1380951198
1822376945
1623492908
699536895
2135987892
2070300441
1767989318
1390065234
873866124
78436308
1158711706
300600272
1286561378
157208816
1157489949
427070920
793697241
2060110874
419489890
1567897073
1971977683
776587940
2067778434
116188714
1233848424
494378810
1685224035
736220934
180161936
1611951670
1795946978
1561113134
1286844967
1271956238
113166381
1275349211
1194773031
1881155700
517930798
2068639155
1959592008
1676642504
221755779
1098669738
1833851320
1379245728
1525740658
480064913
1291872955
1945230548
2047961987
1116366990
574334841
1968256773
1232555704
1808183265
315151935
770296091
396920552
495313871
234764114
45383882
2056427006
1521609081
1317340120
22109739
649474645
364629503
1903265439
1167405443
285785010
1715373799
696564299
507540789
666559889
382931971
1886786518
44816900
862996885
1031175825
1990047448
763475224
59167
416898641
584248349
1232614871
77598259
899400285
2002910963
474518811
1394714156
90191429
519902693
1303657514
1611800510
1837242813
1325767254
113791507
54388668
1081549045
1281196950
340173678
649439197
1977761249
847714467
1315999086
213209573
587017337
1360815986
1076206458
1618193162
1203379787
1839681682
1618252329
1620278428
276446383
703383553
1697876687
1175846668
558810868
24911850
423077177
649002297
544814543
1726734691
113319159
234573708
905018297
227110667
288962376
1986567343
1508307617
629136054
488522892
1338585219
1476850522
1804521978
1551794792
2063867859
1017854317
480517602
1534577374
73750456
172715636
1005346055
1694028884
449162019
1708729608
1244421924
1625008688
120056828
1269333774
2048085865
769059125
1814148318
1627336908
882378285
2048722026
384871558
1109488952
190200755
223955253
470312921
819336809
712478145
1808898140
148703683
369516475
1213209284
65087895
1387370792
1693726886
1599665269
1461121248
1866442522
457527676
1007666485
168120894
18773637
104604761
1793129582
138830465
1373938535
1693731799
907889591
1040603205
1173585059
1790267876
941841584
1558456617
752273180
1132042339
1782411870
1222586101
1951379148
347406367
884000594
2100082832
716922843
2097209878
17687079
2104293635
1643453117
1617352348
1417931236
1362411991
2074880024
278114073
1530532885
2093653661
382718834
1176178819
85000479
1756657369
722426970
992890070
649776927
1896012030
635674298
1591618511
1306984999
1387947478
576177202
941913222
463049931
380072702
1289319589
1347050525
332671886
2006242432
1296776756
350358965
1963052420
792746225
1967711313
1233500008
7674568
1895107690
1511614081
1538207454
1841277703
1894332915
566902625
1926278182
1503506636
1289329596
771684604
5799915
1037857978
1407358902
1597418426
197359329
647822732
26111980
1139272551
1110872664
406184683
281108493
310439541
738856569
139867277
1607216297
1089215535
2102919697
252478874
909443200
1188936057
260153443
657067242
553066490
1798360897
350861298
299915757
217779874
129655832
1803422394
1507109470
901340437
1809222309
397483800
161215691
1259157088
594843130
809038424
1285269068
1734115681
1919911088
1691453751
2015224174
82866981
282826673
7607804
1690083279
1372042208
2110527501
1942562153
134001760
1151979911
55231948
791069003
1705046401
1853592845
1141930301
2004962159
2071372720
1271586133
1660900905
1430998542
25442922
1322639566
1828482343
186658614
434313006
275841825
995697038
1719582075
2009957506
768124478
1263552178
1877698033
850991459
1546378851
1885305837
393591090
770937411
1848349690
188669596
904939172
852845953
243901544
1696008175
410408707
2097494390
690454828
267887218
2021383462
1962040961
1928788123
1304898356
1987483884
1103944041
985897051
26658850
1538257048
1261738876
1022355888
1110355475
1124212735
1790480366
226424005
854427120
493988177
1772802857
592249309
887579268
396256620
293115351
1076248864
1301195792
1145961305
1320150408
849720319
1556370012
1270161150
1540175147
1824257230
1144060964
1354732461
1605561705
301475673
1194732697
562022098
1287372724
1221391547
2100279146
401627953
96263787
1063150973
1525840688
1886744153
1289574979
232784160
233248682
914894188
825033469
1120827950
1311150808
1118148820
49593166
464862953
116626477
1369743575
1314583272
1672996489
492421077
707274772
1349770071
1636482042
2062007233
807848128
1937957715
1109256282
1369870227
1077846791
183164181
1322665725
1479474744
279427968
238333051
857831784
18688473
1527908030
1090615944
251937155
295318570
1915649413
1372765106
1606469378
886314586
1422358272
2071332331
1002941063
644618199
1238431956
528453905
1137039277
1945706728
1878223976
626037671
1860230313
538588457
416511738
822002947
1908458684
1494358529
1005167128
1083640761
826349626
1284595096
1321973812
1684181410
1303283569
702398194
627313707
1555220724
997716764
395479472
780502182
456702495
1281794058
55376807
380551178
137251474
699995006
1618983134
665705379
1837034283
1417206214
396445707
315588306
1129952879
935034164
732100044
1951955826
696009200
78974926
809639306
1779649962
905324552
2094234402
954140126
442022314
1250034323
1656538321
1069336021
657771400
506771437
1464815494
1438273582
963473932
599125904
1493650389
1344025111
736377378
46161748
815524597
1402082757
1883196031
85247164
1798528465
51300690
1215200043
586078981
783400734
1019672222
1282088182
862375660
1829311528
914254496
1767700212
1776062283
1868394622
62238879
878612958
1377449295
1131574900
1536384358
1884220733
448906746
827174293
700211017
1048032651
173341034
2044236128
1784410029
219502782
712277078
1039009139
2102698814
797524242
690053956
6515856
2012724285
1276132937
789916590
884912859
410737471
1652292251
566740740
1324991967
1272508815
195319375
1045902942
1334747694
1073932333
275868589
318838947
462833044
12605674
767745693
1290007337
712816692
1815778344
1463348371
609569172
1452704726
1682851154
1321846250
344230217
1638066320
2119370492
1034284173
1644582176
1984611130
162933462
287015118
722040341
573670934
1939307369
1288781081
1898662901
1064332537
1484100456
797082195
251596583
410549142
1072950785
570435530
873382186
1085556459
1338181224
15905875
1798373151
1006475920
1479254246
260458676
311696998
1014621752
1582304926
655927215
505204424
1554191771
1690211388
2302952
1391319253
1853144851
289318071
2113359594
279332137
81141792
1254657028
30511390
1145474329
591273836
827593586
1397070913
1001822978
1900544371
1967506443
1875205164
838617182
1158204019
1891111039
489506686
17196292
1222881638
749965362
328893290
90019742
184786640
984820506
595224167
1738978411
527548246
597527119
982814016
233209449
886845190
948689963
512541586
967986983
55863343
543052977
2113461312
647137179
1370646563
1363048577
1648960158
1123707286
1183071373
1376681674
1962324468
193791744
1120309066
304347506
210988036
195707056
1054312868
539881327
285726798
1239099509
1524701833
880950965
830594272
2052250079
1478478085
1813408289
137975881
217839627
614614604
650517467
1185826610
670477947
1193570444
1151804275
1317615126
416733359
367369204
819091636
1540440645
1550440577
48289663
1355281466
1744232322
1168598729
1659628972
1955220358
1364305785
566458193
347618037
1650032583
1805557702
1872319870
383499901
488668326
1777086302
1861977986
154592967
1915062183
2079817613
769207571
418096002
1118160576
1439685518
1611666447
122481203
609816997
2028399806
489850407
1428908633
1421356804
2040290985
1477198296
629154622
1637039659
498313377
141299946
1444776369
1862619162
707758139
1792394407
1365168098
365832193
1517230629
1748667999
854500520
1146833283
1463162337
1009093487
914411818
1395496302
1778301059
1332507821
366173230
1070502929
796690620
488654433
1680319926
677606778
978504841
961744912
2098963582
871312178
291459560
580634556
360868189
789772938
721934503
1805644558
504908452
1429692642
1450555317
1870076550
1795524836
820302299
1471260901
502541708
1967135582
786939590
1511635195
734063753
34952245
1142452606
2066571574
401125475
65471888
715778546
889779909
1745791814
1393385324
1868284750
560053078
1344865259
592113280
851512639
1925499815
952981469
1641285577
499950670
611142379
2146194029
1929643313
2061697697
1868786932
1577684501
734516348
1192564185
2080226209
554168282
1979503776
1444377756
1288232035
2014456021
439346715
1207319961
268097848
504818603
1923098507
1157877757
103126769
1169000184
878678859
663179848
366381795
1470792139
1514692487
144397962
276289960
1008494416
644348633
887432340
1007204797
426508298
801646389
728508081
2004192799
1536162737
1921072267
1936935360
2090331019
1753092395
1233829468
1231079407
1620064768
1673176183
290915720
1888162616
30511138
66530580
898556726
133637908
1235530764
1777235585
796817756
1601912559
1100544077
164026595
1746310521
1376834037
1172521011
243175506
116782729
32242160
669683804
918429118
760750242
526392955
307108207
534338861
315844667
249955579
139947608
1549674136
1481034986
1760012376
1075366671
1771950706
1500691344
1105877810
1838481286
251764422
1239515718
926528402
2029000008
2036333474
380957313
982060437
52876421
2127267835
211410826
1225397432
222959693
328193556
1257639592
892643498
1246622674
2018389834
1419036453
1553730882
405245047
1734881121
1803686461
545192655
1137071609
1137237799
157721383
64954632
761704857
1658412728
1170832442
452702496
1910177150
262864512
1379230898
1791693510
151714338
1760188212
626270299
204590759
1739972399
837681126
1429988191
1962932092
1165874682
540144136
708091942
265013708
411050322
2127128396
1818744590
816295370
1714525869
1474947403
1361488025
704113830
464701554
1519209409
769068462
1226406412
1030138489
1939900905
1679108908
792831991
55281769
910856158
437041854
206996108
523560722
1063312153
411586867
116049473
1900993279
1841575059
2078981566
919384313
234235547
639589860
1184398022
645285869
619234608
855658964
1461581239
186276829
183122720
675585617
890390659
647824274
47311378
1659459122
1874230686
1077449867
1451876379
1405855946
1870281858
1507158148
169228457
159840064
1714154256
692789179
1223152218
2125741124
808838653
976661849
1819832535
740336571
1896046163
2054068082
1379926431
932960537
551870303
1999161040
1788619501
2013451543
37954221
1971742221
541553512
928344881
472082848
588864890
440320355
198829886
1666314757
1892196734
1604685833
1389112967
1251871234
1773914290
1548953032
818541843
319219821
624621602
796799319
1128058474
1601283451
469148206
1868395045
1349845966
375732640
1100837829
135322855
927602943
952515221
1923942357
793570838
990469442
1748200930
1335124350
1918814323
72800130
1923989240
211651030
271630017
1442820349
2103847764
1876315850
684449669
1208235351
1502746492
85919053
2026777194
1821966313
710540655
676092865
802541140
164340458
1145241071
523452537
1514186425
1520973711
1624290366
1649509280
301093006
429321939
1425967989
1094663845
1419791382
1026685272
282304547
1191122057
1099485402