58810140
1402773088
1371115419
1501630489
1359137204
1099947621
38596510
419888907
455210465
124515563
299182453
129693131
835056218
975275318
932234271
999396677
2120516389
1455686808
366099454
1494006452
932493527
2015608734
1795099459
1361815466
1294093076
742279656
634123200
173294700
1024584203
1825245258
1272780102
1083394343
1080534698
496411874
437541185
292188254
1596359495
476137695
712077162
2051569961
600653259
1011259615
33779444
1435709477
1986534934
966013715
287622506
1959567675
274216875
653721960
1306090480
1206710402
521847047
953706291
421042221
1815940123
1695985947
1055165421
1989234823
573086502
732927031
1114531277
1656480846
1813461729
1610943151
2094022031
2105649984
1059818999
422676078
670243498
963905312
1023329337
1681503113
997684756
311555167
1520554399
1963698471
599177673
1332638427
90431698
1252899634
491245259
1297142101
1774746681
1444951550
1718184322
1443203156
993453849
625866095
1284954331
1566540351
1358793127
252001960
1075537549
1024771208
1862945112
1022075932
982937544
775280463
1444752011
1653181042
1739185775
320597700
1187200508
589386883
632152867
560271259
405601706
1231330541
1892909686
496033404
336746527
236671297
1793175505
2111493208
1681622847
1363876179
1407212716
527593048
1989742275
544683399
2094133400
1201051754
796685359
1022187301
78339314
512146823
2044263234
1061276859
1287427286
1341531597
566974253
879129413
1662129297
1754174761
1468516296
146798517
166962373
1874118002
1378129058
2059872059
222667759
1714875585
149059709
2015843264
1678885145
1830682556
1232235796
938614213
210791957
1074494423
1483297612
157441709
128062529
132499323
1179629010
206401843
644646147
1076408596
1267678702
1932073433
270456545
1834652956
663719199
1932585843
1441344069
2132235495
2079384360
1608306442
1858869850
1310029770
1520694854
2081537609
877421707
1669754563
1949897225
408823204
1352953471
1034649373
1347437417
1563745428
2109143796
683251381
1721187137
89722677
815750704
753332500
296124521
1460396851
1829741096
1563803223
1244986637
2100197642
1250972531
1908705836
1885299837
544832953
1893457683
1817200549
5655747
1604843885
979746671
1526350601
1538897846
1857168378
1048621516
1341311424
118507934
254091340
228477149
1465945351
1817836768
190137298
1713084
1391540258
279859975
817463788
2144872758
575984496
130376992
1827130206
2139787720
1375363629
1779844200
1243276603
1136585817
1517660389
1788109556
882559852
1187377290
1793765304
339920090
19640313
1172632257
1878817936
1876808691
73770126
1072645712
1995316625
327861466
1301122862
1313778328
2145698234
1491260160
1315491412
1389754844
1771120135
2132955201
1387143954
199620984
115848545
1066790513
191925056
1491212174
699151065
1435201659
480314343
69327807
1075827568
1362874195
1256705097
722109224
1702794285
1276345411
1894741481
1434128574
1005670454
1968511607
359290638
853503432
148889425
1660413500
19798112
147104012
1004190012
1335289525
1536858856
627826500
1320761078
776519163
827447484
1436609623
1843309676
1019372540
780338149
394977093
307090551
1260652492
464304900
1382918119
476043039
1721009998
2105027343
31353677
849871761
1852285177
1465482251
1855542215
1673313136
1824772889
561561999
1822202562
1337702742
581360112
1969306574
194409106
1916649637
1358681782
822235606
1089927067
2135200945
1649683090
379053042
1831026973
521571982
1159391191
78520419
828662534
272560035
542825319
64097005
748603074
116351669
21640701
779956751
966223430
1873925878
97955354
674281998
1399755366
1922728244
1235843997
1074474280
1112947338
1817204109
896297206
1307356444
1586370098
107495341
2129592051
528813517
95212638
1631791493
907866559
1926239612
5879828
2067257750
2004760031
834542362
192334137
400101702
898639367
940937212
516453372
920280068
1720893963
1482676802
646722298
1818849318
9475152
2046477665
1594093914
1245319150
973468297
559557604
915039611
1869765504
1866914048
353926062
1977260845
1849022451
882739579
2072473483
1333330297
1790606139
1851229447
1339210125
1710380241
1708505830
26268839
1902714379
2108607533
924908206
696167943
477577257
1845188275
269578258
1960254059
344426925
2088427576
1969729212
243420942
1535037842
1067564714
1216889240
2094595446
1982604325
939171096
1814025847
189046739
768948293
1515564650
1071786319
693938128
701411299
714908810
397683928
2040621424
277805403
2106189758
2066890263
33036134
2067313643
844314822
729204077
397407252
542019449
998782336
210177664
886446374
939726264
32423228
1129867317
327280459
1099987942
199272909
274392257
935108619
1138444005
2088418104
1124155359
1907392298
1456499107
48458030
453846778
10426758
763366840
851530706
2051048183
1041172243
810236817
1970454798
1074208378
730066812
667285972
1803412455
1127474065
1209305421
654711143
1337651729
2095751796
1594437408
1370074957
1078135465
1921717867
322579251
1277408374
48626476
1257687870
268368731
2137044581
234359581
28277381
1446060040
282817611
482124159
1456486798
1046184451
1333654866
1360051333
2087356695
2143891683
1183022484
1014081425
726474847
1850308456
670010232
1853948912
912130230
1324721376
1044116993
860398378
771675136
266708302
1938533843
545909355
589287553
1068458569
594535831
1846975424
1336827300
584096764
2081335005
1365104681
2030156804
216668969
1847228840
1339159955
1262853420
1033400058
551727640
1202726467
1029808093
1734750124
69324244
1756282941
1437574933
739334477
1462748205
202221515
2064055853
359381551
1062619893
688247341
626089853
853670088
1234156696
1215377407
1922128657
1828692527
914869183
1111472309
265305644
848720540
329093342
147978800
1065389509
28838534
1487138755
180759282
1062238593
2038866396
1383485749
2092046686
1626132872
1452809994
1700845979
916224157
44660823
1016110537
1118445672
2108716676
1375492088
33581917
649480369
2001581941
887252005
1883637065
1069475700
661897014
1564845944
1984344883
1773369323
1830151588
685581776
2102462665
1978130389
1750971285
2131301200
1317785496
1931730567
1046056145
1209168244
1167732669
990619183
687817469
473059015
543981515
1604041626
517719838
1560092052
575003651
478952866
788100492
608585568
1128433235
642198785
1495837574
864586652
1711674486
10250940
281948948
1548535721
1783620264
2112100537
86633849
1738599281
1942747278
1837605135
1722416833
1113049126
1621852054
620989330
174733723
642101075
1611608514
862551192
1115160090
8106381
319109170
1632879928
1568198433
894112821
2111832794
208815277
1502698390
1092782381
851014062
851052316
1957369033
415204900
861303256
91834334
1963740622
497439872
56451223
2050374471
88555506
1999198501
1740495958
1810972339
964763979
1214864365
284478022
1139497702
1856965440
1896086536
2002048894
824641883
1904192917
173674417
310038163
1324907702
1067787238
274387310
1533722979
423001980
1367169691
237253393
1274054296
1177055077
652458294
2135357553
1268889411
468715268
485313777
1325340634
371606091
573869283
1177055487
2112102050
237357975
2141819466
1179482767
521835997
1133833521
888964559
270438885
988398767
1713606442
27148154
1162073184
2023644606
1352055856
82376775
150548268
738295187
505378755
1517717959
975548580
1779433052
547289388
1628006874
1767306957
1816178799
2096722142
105137086
994035785
320844586
679006370
23607624
285462988
916364345
17943443
1464945755
1438200342
1151776964
206426666
1708639227
2140175731
1920033109
1735787381
1154765268
1796194067
940359589
1237142043
1946742335
1678654776
1742520798
1316976646
506719708
1374470202
1864266035
2134726583
994293511
1532961186
2083965077
1099430598
379513324
257326015
1778436968
403120948
542789003
547317665
421064391
2007734758
1985518007
1572841355
66677777
1546673586
1565533439
1986710886
1134977319
572815059
1635421305
2075336908
1809957102
1434679992
1606508036
1404994252
604172990
2113227744
631980807
320955377
2100470679
1626274318
1853916564
2036952109
578221268
85946240
146794476
209174588
489067188
689583480
756492253
910131580
549834590
594526612
335489287
616512367
2141200198
1901022726
455739605
1128693869
326354137
2091160910
1056547129
2136311239
1378357254
515571517
1393821844
1982530245
481315614
2025802651
156001974
434302645
1504593321
2009918538
323771106
2082814590
2095864778
470565583
144505530
437448319
1160149063
900997784
1347579899
1709983653
1495524396
1683069186
179012373
1489240947
1436608265
634751978
470451168
1762962402
578429241
1526998298
1751789994
1956786495
2042569815
998128190
1791833092
376401781
876447193
1947835067
810704427
233556866
1810269957
1134475533
168887808
1758651088
1605041116
313393339
48615759
617706531
1214391123
1396195658
180206537
562431871
931781196
359218910
2051672818
220905813
993970888
374640339
1983868216
1572400129
1901638637
1588174562
1381702977
1796724804
438819104
1026052421
25642938
1315266297
826403840
836347365
1548823163
489190150
1970822898
1717710972
100357590
1428380367
2031104311
148973349
2046086898
1098011786
1545169007
78809787
1660443657
329466555
438028697
1564632828
550372369
1431999586
1939273167
386756937
856916067
1693428156
1974931499
91135396
1342669312
266266955
1117187818
1368312250
1581533252
1943591658
57175967
982872767
285298160
2027998866
553100091
385655750
1308895585
436720754
534629099
1207498835
1534732540
2079798106
1286308623
1047692550
261781014
1724337320
464841730
812153383
1008853258
256631249
1198910320
1865769326
1950059405
1026358171
1956904722
1145245069
1292625126
926608892
366073672
726674730
722716903
423249639
1709547497
1008015063
303764857
115163941
1393670814
1612660442
551884695
1928299913
672675630
2086617236
1860614372
1958984253
986826138
2122395386
1535837925
1451667868
787065121
397207536
1708299117
1985975441
115493214
1510874874
864849964
2072397936
508636295
9991442
851523181
874709967
736666172
1574240084
1297959607
298730021
434771499
1601724464
413893962
1828442313
1066901259
965778658
1609258579
1739576889
904912246
1322389303
1551077494
1891738384
1297301041
939431771
1195922604
2084366162
1336639307
756738073
1922857955
1452132521
120129299
640224271
1377046810
628765594
650215713
81086343
1503475562
1386881885
1655326427
653951521
1685611906
2090097926
108192337
2099505869
1771056592
1175093596
917800879
1232831523
767186837
1822713125
407737178
170780683
1566967861
1705038219
1110212455
615406817
1641920733
299368114
1372144890
1417295040
1751500636
1492274189
2057519311
981063798
2121039783
560251376
1062150141
1477031697
1947133261
569992920
2130983218
1485261519
512607198
91691908
1437283740
136180142
1266785504
207600971
1369011665
2033972342
2030314096
1776748843
57269377
1449798309
1334303414
1167481832
2065205126
828740499
1466849947
1289866368
98551891
1070866935
634656909
8587554
2051930733
608213045
568838930
966597226
2085244742
368488543
1536590146
2068744313
1853750063
2049197344
12952573
1143550155
37893839
1279738077
1351151127
1406905504
1166226771
1233981575
1036170700
1223496149
536296237
222990466
243494333
454017715
1051730966
1710344280
1743884084
1150282857
633727567
231057345
1158870412
538174652
839270390
1727709342
1504771878
777031485
2096197886
893878376
698292150
1802464301
795592073
711244723
798530808
833485912
1990982800
2198287
92907768
1009725924
1236179863
1129078468
85738425
1772476100
1352068935
329232758
79010167
256316253
2039577039
1822894251
1406599110
525820958
2053951597
417985874
1063995611
745738339
2145695217
421283841
1522769824
2094409455
1315162218
73578326
1749390108
2110754291
784823049
400437268
796756555
628322202
402635556
889664323
1638048126
1638815419
2018742792
1723786551
1263807871
1223328079
2053019309
1342818038
1479644332
1945112700
1018228642
738759794
323450011
924696591
1156745669
1387445622
1670434930
1154957238
1808729463
1045721107
1101883045
976408033
1119299433
703789505
939678676
1904122483
1104226773
1736435231
384961037
1506862329
478615907
2023009163
998194100
349875051
1599312066
114518323
1573203130
1504847727
1457336362
905363814
1302476780
328081356
1644123608
1625926791
1252777947
653385629
865888765
775729229
1808342867
527134580
1821450336
762742264
1503542614
793266122
1466531769
295737642
549904957
423274895
2032172874
934865994
1930137224
363305133
810391509
780847677
713180184
262219927
895366000
138899666
1767067654
205218714
1044263480
922060786
533300070
540903440
400503929
1786078017
1194289070
1266392694
414323599
855148289
1793527275
88290287
1617890554
1149586241
881556409
936938675
1445323883
1431461366
1360213570
1330013109
218843712
1142867147
1693318242
1029235221
1923714824
259014778
1291455148
671597176
397914444
911039155
876815891
1442177924
1833099941
1410115961
1983081365
86120223
1048710331
1029886787
1352512917
1463033930
1885035076
998556544
1551324217
1355441982
659137
285396979
144897010
1445983021
1716858345
1505110580
628512482
1935702058
500494079
174347077
817453631
276725255
433361855
2108908780
948322432
831276300
872464287
1825138323
125970576
558080580
1087770636
2109051941
644200803
2136480967
991455080
1996713721
1452031249
729006509
847786617
855871819
2084448491
848445755
1141268798
81861853
146945128
710643495
1586972434
775457610
498861905
2087466513
949804687
1316315537
216708121
1383166543
1277740669
1165030553
66959195
2721308
842685228
192929771
560801888
1930455864
154498065
1205002692
1919453184
1145953145
1054232765
1224000785
1874959654
1902019382
2079872604
1811924498
602981489
1073657754
1893786351
749926617
1784301250
1333275137
1525384228
135679507
1273258003
327705267
1451995044
1489966124
1710871810
582252065
507513029
1777831005
584973373
1350198257
1970760777
1145775262
1133170473
2125258842
203294306
905140009
1123728339
1257527071
2129140795
851204346
1012062805
2061529751
515645196
1615044295
987703858
261947899
217487264
624521460
1595223037
1742871492
760200967
720997392
2070576760
64712364
63479868
1633964922
646964429
570992897
1264312280
1231937803
1921191154
1087589409
230229417
906877979
1065364603
433523723
1812017989
41609294
1691050794
1793675136
892813640
555629951
1707721239
1408458836
23190598
547941449
1670406736
240677863
1172462909
1118146125
1983549355
1932663877
1839143517
1906642467
1997376241
1902623385
1393123742
496857022
326132634
509952374
1728794825
99840140
1597541783
1959024242
1006718119
515422738
245064317
671252460
557032032
1936115111
317443948
1449845673
344261415
2025165188
710820861
367452013
425622989
233743949
608129876
1598085899
1351890074
444195584
1383266128
1043549943
203354403
1233158721
798689680
1596478145
1730015743
1124822314
2106430519
1311326921
1224662454
1556488654
1122867515
83896926
2071911392
1367931833
755149386
481459777
1156563296
1072593335
1931305450
1500824711
950274875
494642663
1868276725
1375897864
728386613
328922953
826500115
2080276687
773118537
62282595
976342983
976472941
1295441316
1775032663
425467438
877973412
752371330
384414310
41816685
1977033784
1940902964
1164684200
2060930710
1865330709
385132385
668596449
199306838
1541695682
1741189784
2130612288
895036745
543981011
477771303
615829822
1919878875
1206157916
944752776
598895343
1138950956
1717871313
661177938
2115293939
546860606
1956619255
1742842954
972328045
687109019
347730636
1356742355
728925704
177280773
1150161671
1893609904
90727835
868008732
131258642
759324284
1067315570
1672954324
353030420
1050444210
420507421
897011431
1528215514
1036337244
669406659
586889782
1981090020
1268302002
1725840738
1551477685
1929479940
1693651029
2098338292
1738615547
1289010336
923182689
278240918
1636740972
132441396
1007166622
1814021745
1282603067
753292879
1904749581
3128152
884551521
516590217
1070443722
410022197
869620638
2120887933
830529618
1766632069
1501619799
1866866862
288555080
2088509581
1700473234
1556857082
1666866672
1104467272
1338853375
1213034053
1055321916
929985274
354560741
1978504605
1208226193
1991301714
2110946001
67909167
1657839811
1246065420
821202046
1415105744
1249193572
1705753567
1931695962
172153647
2115775764
653832952
145557932
798821735
272981373
1647177731
518204949
561536454
1588203664
71194536
2118393536
1107586688
1175661808
1309763263
173137094
83500076
92264890
527697835
2062004681
1300491083
371515901
2025467034
1368400250
2029355713
1124048806
42118649
1296977809
225758731
1747872216
1081190123
397912378
1716164333
1735023075
543470310
367502420
2008004449
43164393
885707369
422057255
1631368057
956901905
392967143
591471098
2132563713
1702730407
764608192
68580141
1794995297
1292306027
2130584822
948002732
1663821929
2008568208
168919334
1545693994
985133367
211037983
695188155
1210892098
1958910200
1776378279
1608804476
1527590885
1363917706
4791138
1895093305
1224438507
47955531
633317026
1646495762
1679323588
1590218932
2039462906
123311038
1575298997
1594709665
887919230
1643879139
1242221314
32741610
1626980313
42740398
1696563539
1488064874
211659732
1094773885
325714593
422697716
1789962040
1536606691
234124268
1418856671
997927519
1761715153
635290730
1002718657
1509324810
1859729237
1050674188
2142641836
1358741352
582514128
1585377120
1250720610
705825167
1013192470
697946627
1593744397
509587961
1940167941
1626486007
2136568274
1982908339
1175565898
1477149500
47084423
122856135
1802864093
469782139
1912818176
1191987136
703906407
1184191199
42431007
318137912
1819481929
1045149664
1827462722
1531727519
2095823852
1822620911
742985223
530854333
1260514383
1993705833
1236679500
126223205
544168812
682940249
635811166
336853105
161942609
624895793
172277796
1337508507
2102045293
219362219
1460364643
1757425739
689144359
1225699171
801929227
1393050766
262406722
844360235
1711188679
2081888652
1889509899
1391167753
1466132523
1837850104
1066305016
61634098
221220789
179335752
2055339931
1457900289
305558957
452025095
2140840538
941370124
788878200
155299499
1566265917
961155996
1492808007
1520827562
1180518215
805689002
1130769653
1869662574
2031388173
1932698881
1115229693
146311247
629575468
678934724
80716251
371601719
2070102477
1546848774
61968175
988923846
1608482872
283188964
1168259598
1516339155
1741089253
1473818555
1968364250
1734446144
267705031
609758802
1889745643
1833970948
1570914798
1235070002
1207314863
603949366
2040759004
190600868
326128292
1924663529
2123299749
1441357985
2070974777
605391569
2120292709
4207380
976993289
2042911539
1551056155
1038961464
884351737
1012055379
1322150429
2052611335
380910887
915756034
1378946242
201791489
502718530
1646651274
811550292
244980526
1333138574
234981442
1480050528
392969789
838930808
1373325885
583570658
1165059101
1150505766
559386759
458933438
1073996895
1164778329
431742500
1078204276
2141771618
327170391
481776783
1033249434
1211522128
1493832162
207916215
1116649815
1874743049
1123672250
348112409
2076534539
1626390780
1994763683
740601183
1871371306
1180418610
975582625
1203938187
1573388399
1814513434
429780424
9475409
832088887
1580286190
568862169
1291022325
506799438
1733640498
1722764825
1585003714
1727928468
2049935216
2066780497
613694254
1113973696
1413129011
821610470
83139863
1140388413
1945282720
431252273
1069439304
1424189852
278532308
1810040487
1148077511
1458950918
638139464
204532050
884855670
305169250
634312474
894331079
1137258137
67115016
1463193248
280796815
573914454
1049350098
2003561640
11434520
629794918
1906013209
2078215017
1243489173
872503257
1343860381
2065099643
955643121
336765146
1862898715
1386895394
1406204450
1139604919
1665427702
1068761289
140198782
976894973
1706900753
344730832
1861750643
2012070004
979043306
608598074
1001844493
1046158323
2071791323
1282641308
1620072777
973657773
1138719301
1631507298
1603452692
897248862
1562238667
699458217
1769752119
758615400
617074212
577911592
1095380546
332489279
1964806986
354101348
1472094198
1482751041
1422862637
1612292981
312162366
982279743
1957023813
26429361
846866099
788583472
635027435
1848710592
1834741795
559335110
983868253
1307330924
1532992884
2122587554
791354574
988961928
872352768
206109594
1688420145
494621239
964724994
158010709
1072532832
2060105541
490499988
889856170
266723241
1962594186
225123563
1689585879
1427403519
537285929
524381974
1236943685
563715290
1371248073
2025527157
1198742726
1072475017
1712785304
1758077836
2056343270
872632580
1143587072
2031447176
1663987155
2132549000
756316296
1870096749
1673485497
1250937536
687338095
1831496206
175986720
599959988
174512546
1065842890
866683230
2137106733
1290966454
408785461
1417026604
1828252383
933167435
506486641
244484026
156931860
384530150
1443226752
1229406877
2097315454
1053820940
1138266500
822464387
49924365
1022230028
338967894
34989717
1778546325
61580995
1708475215
882000213
748919090
1392487773
1057986933
1348879079
1567000320
2123829823
68078661
1556623405
1267312629
476864122
826166361
948081365
1410031557
1332653003
1192565391
1566963417
1717183153
488308495
648886646
1667014960
1542129435
1787153146
341995699
1592053800
661899527
680963593
1627043518
292962204
742544588
1188035085
1174962417
1491463678
433039210
85465702
692859109
2000039530
61811877
760937770
1409179287
1329124507
1237801892
87862001
129722224
500349801
1420515004
1322287615
2067313218
990214509
1810596110
568716217
509745821
1205241897
208385715
851741520
649812050
870285242
1532705113
129371920
1163247446
127766053
1317407005
190726215
1619229732
1750446215
276191917
164605193
1603002098
338003795
925542964
864697737
1667128302
15861208
952559738
1796850526
516211010
225591094
971654493
436040580
1215805604
634766955
1004756797
1725551425
1840008852
1213142513
429809298
342337254
2083427755
1962514411
471709174
1099191554
2090280465
1789116179
1289917769
1562026549
1392078747
1566109687
1726631742
847597197
1904113482
504691058
1712294934
1423758136
520552267
517371025
1073125014
1036763277
742962119
2044779507
1472803857
1958767723
532062814
330077007
1536835501
224588018
1543219520
1966644799
566925273
1479163627
1781675562
1038634447
430871533
1724472379
680266979
1720789303
1139015280
2072345726
1139415342
718163375
772459275
896045176
1222854433
337270561
172319664
1743406700
854641586
1245444678
632686329
1597603706
1142740537
2105490187
1408887781
1674803351
288083546
798239634
1899391369
1831303066
617400785
318832994
1162983045
251592700
1357467442
1593854579
1976065079
2037734421
1167160234
967596712
1962596499
159091928
1685760087
587572126
1055137104
761130872
924842687
1227456768
357053925
1779484274
325417798
989740254
1229604332
1468158335
947746793
491008465
995478038
1235830339
1289248100
747385759
919649757
1906648885
1066218754
2082632803
10757937
276202548
1529003734
1986823017
166453321
548680320
806936081
2129049820
707772248
345212520
569138298
1762909352
1106343392
1493980985
842882472
1463397317
1125981611
1168300270
305653924
208102295
488974957
1253400717
699110761
1484452995
341747409
1988358861
84355106
1261397166
1747524098
1150573860
1196546321
1758282036
1426776408
578066407
1597621405
1593229729
1126746727
257073838
1574795901
1834518975
602286358
2143934199
1449944679
1708629750
1490431537
145343503
1024543420
468929500
1313643773
1330197344
677031796
1802618730
436114413
1376142557
1139588077
777861822
1217017770
1223943184
2039258989
817058220
227033396
1088321662
427856608
1653809805
1666388070
2025478013
1099555886
645651149
135068203
526868140
332686477
737354561
523318691
1782631156
298500664
2013750228
1927974660
1323044084
335196081
1094134785
505757780
1012227877
749269868
941872193
240886786
1888857945
1719734016
1457904556
965317481
1611509357
127479128
1192350878
552347371
555335737
698677035
71251793
433330102
1798232921
716902943
568398306
177617413
1049589420
1305752867
700936105
684736928
1604253531
567202685
465227940
779813967
902398766
1559362726
1285571747
1914626643
161148946
79960293
8029781
2050006891
1799694309
1465934337
867840725
1263720018
1593413466
2060191603
1816067389
1265555
611384990
1887319183
434595657
262134263
456738478
1002993963
439751677
1506327898
161263183
1140687782
43581178
1765516714
1707890467
508809119
397847034
462805586
2068171845
1683418781
229948581
81837143
1763379074
237978363
2131844034
1415589735
1703912700
852201111
531826105
1149842518
764909066
200409847
1151108073
1376294056
2087729030
1585703731
1638428320
396983860
441214046
2078179997
1903311758
602477229
1071384131
1946892936
220510296
631790950
308218407
618357330
1094596536
228906604
154292463
1324545118
310743747
1917671538
1562523481
295104134
1185777625
1118952533
1147305245
1717603731
121311404
1912214312
1918013578
1272419477
1141024720
1858258960
710639560
631969392
107759172
1151853607
562665741
2011070930
1754330836
1634049872
1810480218
1974841132
118357175
2118698626
445714814
1212953711
200121582
600007278
390015181
510865330
370195168
1952538662
805969464
1555972793
924007548
1953274709
1126092876
1045318952
1718005373
896622806
170254781
711546446
607398118
880894342
1343515838
715157290
2032747949
1906181580
578744572
1639595137
1392747804
241741143
1466952622
1511104979
212956121
1912667436
576575043
413077703
365191066
966590224
923943033
735386234
771645239
1729912497
143875380
1695652787
1535703559
1269968256
593488091
1106225284
19107415
763742872
1817771730
626505533
1644637214
1013803921
1341662824
1529901515
772501853
1920407396
1022013005
17766009
14664891
341481979
1528870989
227621012
106665767
2105446032
640698716
471856834
924552608
1564641749
1207243068
1696197847
1147070599
1351118448
1244366986
535290510
473603057
1837855077
1641515794
492710472
454114302
1311803877
1119216005
2098751516
178124150
313395181
1481169384
950626003
86318930
355698741
968392012
100983821
697180720
349779353
328604834
803846487
307741737
969303550
1275703321
1232294346
386461651
335462742
781008545
1533532250
1686581190
2025375532
2068822760
12700599
1715746961
1562854907
505411071
22377615
727175136
1624627077
2121129132
905299286
1938022258
1454814868
1855925289
2024341188
1810513609
676833653
2125325010
360210681
1026613007
306446196
1164057168
1334354744
1275749746
292276842
419165442
1662211397
627739584
1200173988
1048260000
166837126
1078065872
969599112
179537726
646329185
384970371
684948797
668706801
1112145507
162092226
642352285
2017444793
2100114485
2097167153
1725886434
1976972025
1760197114
255236440
1954813387
2120407795
1281849447
113775935
1136981315
468720543
1389525681
1429258157
887885986
904253431
2056997741
2088059974
1952513431
76351220
1018642198
774628895
255888946
1664971383
1159599267
940837743
186194536
124261126
1102929970
828546821
2141705920
1055560807
778230326
1720108706
885049184
390943792
1975345146
692378924
363867939
1109710945
806154859
1500849255
1578431489
48196893
782623764
318833827
952450324
692137858
259410153
757480107
768489078
1278052351
1532109002
1024378024
795540086
544224621
1965215767
981734623
668485748
920662089
1810281444
662708020
1976222896
441028123
235333078
713788433
831971915
63194577
1406167357
1195839855
1172905522
64838568
549205462
603853363
113035461
1331829226
922687190
1065485785
2023967084
1182097343
1822965892
644972514
312666046
1207591247
1669350538
1108206133
1751815868
1487082658
2089940756
272817968
260261099
1752738552
935525988
89000348
46283027
1170859067
802788781
878254943
1234053644
61472490
2074094798
259475518
126311058
475816612
863328882
239346520
1807645838
1786016072
1304832305
1684129275
820629768
980314550
181618141
1133295814
40422149
1850968680
94018299
1792238017
1190567690
36475407
2065055986
1450828789
1789213960
853098326
1539829137
1835496987
2023957393
195134270
566268282
1110527389
256606760
492879432
1370002908
382917819
968696044
85848142
622264339
628858235
1871864214
1927096644
165503862
545010334
759927546
347122003
1678306149
800349695
50607035
1772324448
445104065
1241174725
1808799856
362676403
544519867
1450530168
1215774729
2084349004
1138543507
1092248475
131999627
1704811790
55292216
388606387
50207574
1425295124
771524206
1018903619
1511143266
1393788545
1647761854
1235523833
1173401542
1813265716
1780534167
1933329088
12904071
1311356668
586195136
63511107
936197469
1031299201
1304685832
597513677
1393975604
1849205699
2048043845
462266685
1786071056
1039103704
1554515160
1918070683
596431846
1609807377
159193422
646639421
887618853
930717629
1665543040
251278472
177022526
1165821246
1486802305
1350424068
831603314
1119852824
1136269509
844507385
283725845
1722464645
908018492
1219923314
606280198
65220677
1817436991
2000255802
1914426376
1717997188
315038839
1553013784
609617244
1869554000
1323600819
1206049091
1331877729
1482794242
1852688512
72012934
266028223
1370747904
323291406
443050749
389085502
1810093711
1793474818
1220688816
782462888
782260679
2065196201
1066188733
357241676
825731046
138628399
963521874
890951723
1956065390
816294028
657894451
1526578930
1131332867
63424588
2136196174
853403219
1387025407
1194761617
37797300
722336001
899966481
109810235
988364224
123230737
433101641
1431414974
512316239
95711705
1077406144
1733005055
878174593
1859666823
1650717609
1944363326
69424851
328965007
2082991725
1032946725
1219916730
1891573467
1849240753
1877811181
1270668749
833089972
1941235769
1259381275
1686493192
1180777529
306659245
1724290492
1903113530
1206625726
1834100727
743994107
1329856464
119718721
27925433
1842172703
215430426
1105331577
1427694111
1093605019
817514752
930928072
890484697
886939603
1259893079
825992774
1919886328
332326161
570082593
1621643433
62653694
1840751342
307249757
2003889464
952648969
1993742949
1037183345
1259308214
1570549794
792813227
318450293
1257166873
1536807334
1648306757
1376885594
1564732767
1342995812
1592316020
522580696
623206275
538437391
1340095448
1554134347
1428922088
79551403
666543778
107431214
1999437731
998869939
677513807
1473597516
1061523634
370781501
1780847274
917929450
1323430471
1627106575
1955112795
435255037
1050172721
600442374
753705330
159855947
2137249709
254528439
1536741541
1554498828
1597524252
981573914
2077079525
73246879
1520011305
1269691325
1627381227
801449746
1349242729
146441357
908880960
1201196812
1145311297
1586394768
527310681
59351283
1957176269
160674307
977280733
1133123092
1787780882
784909880
1568378130
690469956
1385352254
174599812
850325903
1375118315
429128252
239583796
782133496
2026652504
1221157710
711729373
2099899383
593685368
1981420698
1579796962
1395135114
1183179779
1726238320
156532426
236892944
724065969
1742927194
764203625
783417252
1552619816
924877932
1760697985
538259260
565175166
398124217
2106637390
1255645122
1783476471
133753555
2105971025
1011111139
562881807
198071174
1793244635
442050663
1419228884
357490360
394466398
2012914252
191427410
1974263361
1260565718
1374607190
1553018033
1417098145
1611500134
129600354
1012541691
228220111
913017606
417677859
1153098043
526231943
955937120
1718273209
924356160
915090862
826434684
560348983
1048844417
784922061
1571460122
1611726224
982993235
1217221109
2053776887
254738472
1574711469
300759638
120169076
1766138880
127539351
1380734795
993262422
1680557384
650349292
457278908
1810157738
1662890983
685499019
575691696
2080568843
1838597062
1101923639
889022315
1409386623
2026279799
1804113177
88337659
439145134
705473947
873259721
2010605257
169716523
1856252956
1080342718
76009763
2110991428
507570540
376769401
83676857
126225772
504308752
1464411652
1119488194
37382488
2114760944
1576767102
1847540226
1630168279
114782473
275748274
1563253474
1953379535
1377671913
304792141
1215282510
1256468064
2108905319
1303620170
1695613198
666895618
29396243
1558734807
836612141
1885649199
491593878
912621904
1849156980
999164418
1289391305
1932833837
1125390190
1793700057
1249761841
97394736
1831082545
1217039137
1674161838
1531139123
699723768
1788944311
1806887397
115493595
1594840198
1037075662
420285736
662639060
146060078
381707407
1966259230
1841673277
1048603025
1995655473
1252924436
1885215167
1733821025
1744518314
650353423
1435494357
596199084
1939744729
1220844546
1721589274
1585961138
323122739
1818984010
1269560036
1540161876
1345662200
653215511
92401996
987122863
312619261
207895591
434479413
1349694923
628181328
1097118474
1495755002
1009888735
915894056
1189944631
2058491761
764065882
295385419
1796223280
350403259
2039903734
299093055
1785897616
488619170
91354136
859258514
62724797
1677315275
1182381253
1881708807
799391663
575059481
1079887360
1452607174
667461477
2067010223
1765226435
875357069
354005989
967437711
1503538397
1451124463
315709065
365943484
219534871
1505653696
276951597
983600753
1801039115
2073174877
1334004012
1693459201
224784285
972417980
34594724
316138421
1831676494
97319521
1993453696
866574099
1979028328
645361711
1441633580
911432040
2097968886
2109095058
830958616
1715711673
836968479
1184964605
535665736
193023228
488605420
851374801
558966712
708140291
209544849
835918310
1691741045
2010583965
761609539
878261409
1556559518
986393824
1850679390
1591154242
1302532246
1534872236
1688473763
1148502294
253962688
1520018444
1793864006
1695596268
283966836
1744349244
1657207678
1114925452
1312577269
346692509
152406409
1848243006
539715737
641011829
552134159
1098682450
1349152121
761679009
1934600760
893409518
624779326
548726651
1771670927
33855196
1535120476
1474866669
1625009439
690169074
862255258
1165999554
1838671368
1116217946
538534350
1485051726
664330566
822501187
1081917322
174054597
1937426639
247010944
520747106
2089833049
2095253950
1060462844
583361230
499904461
11661646
1932513351
1261583470
1946262406
678439221
1886362796
347505409
302626501
1920217993
1882625885
1777493170
1397743784
425311311
492264780
416259690
116499032
1608482726
954794041
1601550758
125329645
1777295228
535984433
299384242
1567238219
782995377
820131348
1509587620
730765679
1880594192
2092948851
1230670140
1892255838
1877978554
344769963
1691034596
408934128
83649111
2038540006
711560629
2003867104
1773682243
341570151
1254127240
51509907
833834932
1670386931
168008939
294834010
477697324
1769559697
420163655
107508904
158060482
719547897
1674747123
941055859
1539679246
1036851096
1671821538
1272789790
982316299
755008031
1017561981
712811205
1099777994
561112929
1121745333
1183427105
452169287
1833305962
1039810562
78367883
27392466
146454154
129877790
861227398
1816841085
297886729
1156061408
147054761
2067446426
1576225064
254563665
78023261
148289313
1929310789
1019079120
1687968559
818678237
543417011
813274702
1800994536
1298425042
1830836683
366322093
250719388
244465964
1488067427
1434146493
696635252
1173889741
326473407
775003135
1201282207
472927562
904880925
2062509605
142284999
1202767654
1071087366
289339761
1122730432
499828782
543903426
1200753693
648118095
325730567
72349166
188603007
1144408804
615766177
1001877709
797919692
1914191219
685230744
1164241786
17426959
929696708
504825565
1451573452
1626331960
1678715306
1778046860
253851447
732513866
103490774
1158732372
647539823
245775773
214016378
1718627189
535115534
1336746811
70972323
1079018961
390016856
719090419
1404749528
462366022
907693426
401674685
1078132199
1909571135
1199594377
844839770
447318231
216352515
862266729
1377014939
721178080
166356534
855863252
252409739
1944403394
1109714699
984923605
2047894168
120963424
1632463428
146186293
334979802
1203606970
681301828
1671726613
1274579293
1760320789
2061743470
1993669712
1017586669
376625844
753879490
1419261354
1454758044
515966977
471372084
152114166
963285208
687724599
1014380896
192816500
1408902680
1180737430
1048679752
1661312419
977657176
10910803
498752376
878067696
131874227
2131215804
1024253989
466854030
1187339126
1705555817
2138580643
314434772
1318392958
2052840465
160620836
188495980
281982662
914500327
1607757334
1736740706
1430467304
2079129418
1888854872
246268865
619370370
755752120
439085365
2028273050
1936489550
1487765117
1542101821
766663078
1498675920
2040854197
1644730774
1630550148
2024586353
521501116
2097404178
1064441832
79573285
2088501173
1378876604
1397966244
1993857991
1539497440
1586462224
128357005
306514119
1046735910
1865097711
1736981424
978381681
1606468935
1983250289
1597752051
214737408
274852006
1478541453
3743310
1762617123
873159626
770406389
1113809395
766530175
267653515
596875895
643632880
789154631
546796425
1708074712
868727917
487813951
939467668
119210513
334188294
331481461
1705672737
462545299
637995580
604924999
180159362
227493356
1583306680
1786628297
63259997
1033575083
2001365705
338112003
364632888
2005109016
2100729126
1237792514
628031757
1067054874
2004322689
895685272
1663930769
500471922
1684839904
63243547
61062986
406084173
551057498
1000530655
525294686
885245792
1332012116
83483775
1347791091
1970007696
688408774
1527950453
50017405
124231807
1167095102
113277402
1157806890
1020977160
451389406
1522439779
878602528
404634884
612748645
1506634285
1471689758
469587687
254835909
988136880
970059609
1939675813
1051380427
1031122595
198276338
1602437925
2031653250
723571024
340200069
1216181718
807054799
1687991160
1038705767
1495463574
1068457965
1088723172
1619695381
88069419
1202000574
630018623
1109046579
1653389980
4974754
1987649107
2058024865
617723400
1346799744
1382230975
1087311087
1601635654
222884207
2057370696
1393827819
1274264634
941009643
1592104158
729218911
825179246
168191534
1069418980
2041360964
975246334
609926492
932583083
323226260
1678384457
2021306255
1942921641
1766453877
1075823182
425456616
728016808
581729514
430431371
568182268
492270731
1048154771
1914982012
1874501707
2135465858
1369134018
2097385914
2045352906
615478190
1224166901
838878901
60098700
1953385812
1664058147
228290234
875321145
1557935464
1203536568
1485247637
343034899
1526762828
1016148447
216857507
1322200821
635118676
1292680689
1747657438
1363135484
1874410203
30605161
1931317752
219197287
1078759932
1698816117
2093698994
1066742142
920466487
2043601260
964611400
1535944677
1120284513
1803490301
1596043377
926186678
1320064801
1824333612
1801507823
730516617
880386532
1139271812
1073551516
259665713
7936611
1290409023
1581866534
643055287
435606064
1182040324
2006190772
162532620
1212645485
1790024876
381729907
143921769
1341357345
327945253
1210663911
114340185
224062865
27791663
1650284862
1344347379
1831281965
1098844592
123050409
1003863118
775694556
1924558232
1734379735
1656081088
916346396
660447603
1915746801
924283008
1950856627
1350129688
1567338295
238979043
384686364
1426045419
401511663
1597331850
1068586648
783241570
1741253619
262460345
1111186823
804433883
376800530
1335249689
832225546
2027085393
532113420
516023863
978446337
655163829
1519886981
1754140893
432238413
1106783068
1262738333
1348584809
1767230672
1031001487
125384169
1570603651
233647527
1692722465
1809582694
618333891
971284236
63610710
68182093
2039870884
846852280
1809435713
154847582
1958039104
466385948
531648112
1145805145
1298611494
411249857
1677918565
1814635358
1389696194
185598746
1187038691
996353439
617837159
146338112
111608125
1966421968
1913568784
1142609612
2091806138
1336688787
1376257139
1637044955
998787833
1994591030
460845543
1062398543
2062773124
353232780
1909250824
1724725189
508080362
1719806280
43627489
1039728474
718127777
1342238983
1450978332
248562694
1009390693
693190878
434161440
48945737
1689544318
1051998599
195283849
1801152443
870936919
2108852633
796278407
815259409
1298057772
25051898
304820716
149361957
2019642928
765666260
1211760501
1934932404
1118899040
973527677
1512173945
1626979402
545850309
1555801434
519224228
1263978086
750556770
1970202560
1512540780
1759947463
515909791
1946702220
1808893200
57970461
851217171
2004177049
1859122904
1722154090
1965546034
507917663
389929852
1116120158
532969561
694750568
1265482116
405128841
1460416828
329758969
192577598
431832220
1303286646
1704751543
2058811622
1849136955
1113069330
430552203
965631393
1863626100
253271115
330688525
1476089915
769180906
129907097
1137499468
827151367
981124268
994192869
538790623
555794710
812255256
1046708286
945724562
1928375414
1579677847
1640475131
1046373882
1984806689
953408311
1376132851
29900639
1385240532
531935849
1734652182
1296568506
233589156
700237864
1727120709
1199220549
416380316
1980391825
1529909074
1892470232
602089083
1659816171
882486052
1429240451
493456791
1876678921
1968031074
1049251502
541450529
867255713
1994976064
322342296
299449912
1487967547
1368716178
136772953
293892211
597365382
166673592
1679132743
1129301231
1901325775
828217601
1362890388
454079991
407854663
414627289
870460308
240762840
1944536364
615446892
842851923
1456868887
1497932944
124608726
1950325679
1227128217
2092639801
852093533
1768578747
812411866
699585949
2090921043
1111861778
40069849
1312153573
1248634732
333962060
1909518955
1415308324
2013094803
891336539
1169150451
693828756
106743279
1623230443
1101683419
521370568
346207103
1342446259
318423284
961653995
37814535
1775292172
312103291
162423261
1578134203
1539231508
107579414
282744088
1160326607
919991280
982330037
1103764002
2031853059
1022399886
268433928
1133004143
1356361946
30469235
400828819
1221973101
921805774
1569979271
1915801858
1028549053
1045726066
870001629
1549919622
1391933169
64964241
1868342906
206103516
102778776
1496151430
518206807
265202037
926801985
2057438315
372781452
1209546073
1070281275
1292772732
44392463
26561629
1177142143
1066792349
294995557
162662638
275670648
325464793
563491458
1497643749
1247270567
2133470729
1265961959
128335973
1031713147
2135963589
1678255595
276162668
53444182
1399114853
482266184
156222958
747782636
1000472991
421424995
1674584621
910427658
794206447
736647047
1980708933
2086979180
781039510
2007270563
1116637675
1847831859
154782472
1279300314
2123502507
480247265
1842791772
1473662609
1727517833
1828778853
592140920
1855853806
713008352
580620861
1386625753
989171020
634065043
638256958
1471437204
790288001
1386039594
324426547
1211712997
913140568
1234854205
2005919444
1649787615
1068079491
1945414976
283343477
927866406
914569004
2131175336
1082648878
46385670
2107194196
1562896144
1889177442
1433373157
1142930329
1570472647
2025514077
851300487
135997351
458651291
90442592
1125168371
1092716334
728699550
449121927
1883004336
2114739145
773548474
947233685
880396065
2008402679
805669481
382700032
928998522
603600810
666043509
1856864928
1518169814
649735197
792030159
1564555484
609445745
207442655
1306249278
2042818902
1350372984
729238277
1920849332
54189823
865235628
232016975
144632415
1990403999
1324733309
873331965
292042278
1060253997
840587462
1065590752
2007487682
1720983527
926509783
665673516
2103683559
1855508306
1269274326
622243420
1564889586
639960492
1271978618
209436097
57032328
1881424363
416878752
1363281606
1776759618
1767251736
2092519883
1550125302
1821441559
810271863
1782142277
1966073974
653192214
959391938
691922292
945234492
2019645936
1532509754
2010825244
1879649970
1106009634
789851379
397839838
1062209545
497876037
1667114164
1684452966
2062765624
159591008
808947936
124718073
216623336
542888651
541596826
1579904942
172164621
161364914
1524941177
1722289923
1982806474
187729392
1356948552
1801396800
840921606
168856843
345835444
1786156098
41019131
1878345199
1649497694
1920669101
836871185
291865426
171025292
1899080730
789741463
1838139456
1436050048
705023439
1997730465
97514336
829741513
66870153
640402988
1371338339
1646775096
812567609
1532703253
1024232625
387373885
1368026079
1211962018
1744322437
1021939232
2052883624
1913179280
1367774676
1691556075
1954198411
1098636227
1193570121
1727383865
1935507412
1485435547
1898409157
1687104495
127693363
1589064965
975670895
832716802
1439311782
1073185232
1662458315
1506181936
1713588220
886313006
1005473384
378672181
271532612
2029706009
766046066
1639558691
1094184379
362884856
514014275
999584356
128580488
1881788952
543656783
2082778900
832941531
1737226904
1662679117
620965296
1075178804
1413604626
160586143
1202872167
855185943
1136257038
2035588969
147014078
61958622
1550563637
1653196014
1775546842
289392995
511185750
6735376
560925607
393408111
772781442
53000651
1487592491
1135666298
567014926
339693199
1264246787
301320230
883349982
1199542039
1134261762
473093238
714737508
1755227058
1548272042
2128342134
1915813201
603660561
836044429
904586591
491765883
983058507
966545214
2042329520
488770873
594608408
184238867
999956623
601343784
745164475
1393364735
1374125227
798165126
733473578
362307877
1365180052
1073166777
1626554664
1666500283
1956516759
678613055
653278397
282126349
1393350563
261021807
1830398392
1374209049
29351360
286575305
62769831
933937951
778341188
1045828338
1900483165
673187060
1534599212
347607926
857425928
387072187
948951710
1602590403
1780436922
175593289
253271881
366426852
537901167
1618451933
1439593629
16972183
1137468568
1248626740
695585239
1790746965
1530753090
2088935802
2051768772
1213667834
1315661204
2081120132
1500243139
1378431035
867574436
131100680
276775725
620573953
804287740
1811374937
968181879
1661713668
50963477
1917133590
1116820423
1831400399
2092726879
1370092304
50343604
483144398
841060590
1489937233
500116582
1978529158
591080326
1195701821
1621792476
2121833416
1137153975
1526077600
1188017602
305331531
1459714085
540777093
1683762566
179804873
671877773
1960538292
800378826
1476165514
1624429581
1768560706
990395534
1675393058
1538210648
2107215958
1359309810
1483453879
1329824614
1409653414
1966598278
23401556
752106999
319231212
2001930715
1343187325
1514933033
1476239543
1317537093
504603360
854833495
358071047
809934892
167063932
898848141
346213810
346868805
1570725914
159268454
1147247632
899407780
1783698036
768324690
1889803315
1311607446
159051690
1849535625
523433608
1642505569
1031876591
1933087022
1461620199
1055278148
537710374
1780851411
909725215
1880897699
1148300796
238481110
1050951145
1652904157
1093314605
1409022192
315355401
1260378538
160386685
661569211
1607247343
1731112600
820837666
607011327
483036732
457052054
1375336017
225356399
1768659500
1534387707
2074892024
144609461
1029409629
959284968
2077696483
343546180
2014563116
467923209
2124397592
776804683
201337261
1125214740
1015285793
1252288406
630635249
2108600398
513826950
945990650
1221495288
674213636
1607559862
681258984
257842588
280913880
1288270311
740879320
737965934
516122681
966235720
359141786
2050510388
893644096
503751247
932436369
1852929064
433964083
1275982550
1720008532
901887292
1252896494
349329567
1103224553
230627586
1364615360
208029311
861262836
1325732111
721856262
1807253486
399743751
1396069898
1267329700
1081002735
1653912486
1548243580
221789399
247308158
138725866
737912080
1213543878
497867653
640938820
2107187975
1001618900
1573375190
1812633391
1435582983
701874092
1385158276
189986628
1954770586
1734487843
1293211181
37914524
951619556
1501240493
899177360
129868019
75613107
558947199
529611770
1471683005
1826276899
1610614506
978111843
1227036832
1832403905
1225420001
1365762698
422832337
291480232
1863630351
1063771157
251184559
717765604
489662699
2063817950
5864939
1191536791
1301492578
195851567
998823729
888496774
1489062749
1036738254
1840116330
842819594
1935915614
1969984349
918432701
347379165
352112471
242632058
26172417
1962726977
1220743901
1253209249
1647647234
298680254
471488299
2070479571
590160486
187635003
986767081
841345045
905400607
1476429780
757679348
911265546
520482924
2059171926
1107117114
1519306653
800185052
448696215
408561259
492817734
1291515809
196993226
315318435
62464862
544372391
667430907
305096920
570544808
482674236
1525840821
1823754057
2130321471
1824521075
147758709
2053317394
267197914
335393712
892600827
1108542959
1240794319
221546960
1866222307
4576217
742029884
1777910586
1111693331
113852889
430611990
1560389546
522414149
923429725
704421707
719407375
1238748160
766886569
1263779766
1906179067
1071983489
1834324575
241369656
450340662
1510594984
224207479
127378090
1658353693
130041225
394576004
1993747405
1022642053
1503118963
1087058076
1244189013
1221857623
1091634294
1986218897
852284561
55843977
2100071786
1282896551
1616233524
475002287
58842628
173171583
1194409662
1297590789
940058153
310705781
1056286208
2012041642
2145030356
1297655864
314898657
1508141692
1521863343
442276747
1019011738
1651904569
836852751
865275495
527062974
192488066
1952333572
1771251987
1414345689
896484218
1609987236
119146602
952328195
1562575374
1402043154
421078071
2037577662
1460885782
594249655
1084503676
610992923
1534307808
1395209457
1667279132
1398865802
1392756165
817451348
1713764459
753414210
191831044
8557558
1772425948
1843735613
845410309
490217795
223314939
1037898376
295067719
1994566926
304760417
1191551937
1457070514
423907020
2143880133
872162240
1825950174
417474556
762256254
1139352308
1011724211
1846759931
1750345232
398548371
1094485740
1270140716
1797414174
339758258
2087592064
1363694985
1093172468
131939460
1372252544
718114768
1975675073
70179205
1208332563
51506364
1108077581
1503400283
2046073290
1412837999
547468572
1355660156
1836745019
543865057
80338749
1515211545
961339614
842595003
507080205
1973063825
541871286
109941789
224128549
1636357027
1380082505
2021542723
1976115285
1320190922
1237754060
921804105
1452130382
462522956
1639918873
1280321808
532702162
700767788
1331828172
1640779743
56684423
1230417815
906134094
604152996
438594323
595395465
1148018053
518933072
2110607010
2109357667
1361528076
470203568
1934937845
1903399362
580145357
11582746
1392272741
1960227863
2033125469
1220904378
1132935137
1123395881
2142708483
437581871
1585918838
1635143708
1717903679
2118621000
188427849
902248204
1611917095
245112272
2132666019
370567542
849265268
423776694
965963007
1997283322
942709767
929086370
1959157341
156754195
1399289938
1746611538
2060153557
1979435295
1758194284
1304942651
1792179510
1643836105
378363381
777630999
619748339
373588217
1215212871
58183529
2008731925
785632902
29320881
49676126
1687881106
1641237976
294788399
1673063477
2011805518
1144053667
2096840172
830284878
993853341
892066291
1759371248
805527035
1048820486
1011177538
404654925
961490395
843129185
15365562
118949398
487825048
1659201667
497312780
1265456047
131466358
870900997
333185270
189649887
732149274
1118818173
218970768
781825401
659215631
1860208745
1076613800
184795461
1724530615
73183819
134151985
407331845
1067037161
1026218276
19219445
1872564196
2075038762
1030396983
129735473
889045509
1873526169
145101035
1007994908
213867569
1804302703
1505307688
1479323616
1935769061
228725037
1812508887
2125418949
960874311
783843412
196906069
1742699712
1443059043
2057114814
671829864
1627854504
1634161782
745013684
1762006489
2041493627
1812050845
640741117
2060713073
1537131393
568296231
943626408
1666866866
1457341741
669668929
1811967902
317853001
883536498
1468786957
1823160689
215376467
1257072370
2051885726
2027885354
1235007671
865276389
664245118
1431913741
460492454
2107304161
1341544907
1132322318
1587675018
828223041
1877336002
1202197859
722233021
1541903199
1842938977
635462446
931550944
263751560
1579088854
450934163
1721093301
101274136
115418417
2038946302
984810634
1584205374
1714623343
1200187101
693794096
1619025421
1080588807
1928801768
336818163
1744833925
1213231861
797310617
1704654439
407293120
1929632935
1144845809
1235516162
1659485290
199560020
1957749183
1053904841
2042498997
445727981
1985455786
158766910
2024816835
288906301
1879860211
2126090971
404324718
1771322866
963417958
1988530092
1338462561
16121411
534840540
810004335
1096710219
316158660
1146822498
694060496
1529390521
1944133115
251231287
1936683642
1726282402
1396077096
1024716156
1238284044
1595637117
834981691
144705238
1490652466
1280709672
2130161024
1649419376
1158042859
271583677
1381795940
1136650183
675908395
1005635158
2100068141
516954839
196614071
2116189552
1051795379
1006618406
1065416123
1367954040
5957256
1759476620
749860913
1950090371
2010707907
539060907
1528889126
1259301356
1563777063
619689522
707454825
251275106
764394760
50623643
1531984778
747072136
1700043020
542543990
1018655813
934355312
1679194173
1694564208
1939990470
1631778666
64035399
2136604541
1600484570
1115830779
995739300
518417046
336301171
1001696556
130410018
1086162084
804303280
2141117925
1625222992
185708758
1252935633
1041516407
805398280
1960390458
1292791514
1569793041
2011014102
677292644
169381529
1563573474
1219836634
1188037343
350445138
751547159
735117903
142951960
235842177
799153303
132072853
1836326748
1914984082
1127812153
207260146
103801605
2129508710
337670164
1189963689
786328342
331304441
667703033
972037100
1584240075
1709219441
1777435380
1397146885
854527307
1199744773
1260677339
1531819951
1369126303
676767165
604172938
409679998
1027212303
1355720097
1144797901
1170164263
1591562275
1943951204
1302237117
1280405375
1711451638
282565622
1487665521
1815253243
264590684
1825335685
857733285
1050919026
9156478
1525436318
2022956126
1593396553
1087172111
1652907859
843059791
1941699418
705168984
2103737130
1326035722