2074295287
633020648
1930208660
336491637
1660232951
1138445109
1481289539
682913567
582523736
1277757095
1985150684
1862929111
841725086
120232658
1203110984
509494681
384823343
880963021
1367227966
1435742369
890119500
745180637
1311214848
336032405
1832352748
816639059
1179092196
1626568519
1521808043
1135345679
805120593
1448619683
1768366327
587845605
1785111320
1281115630
1726290714
1118917211
1964029197
161330803
249190659
1801696233
2024259914
1090915745
1921928892
1079887251
1600410426
159268587
1960850272
820154745
1595010956
703486124
1565335382
758742156
1039518530
1250204482
1575381215
71127078
729289353
949705611
1206472757
1534409946
250841646
827355436
2122255551
2035952966
2108471067
1701062618
1007386530
1925016616
1862393421
1256577189
1579229202
1739169687
200009286
1353674446
671573290
1800419712
1512943033
484939915
473090809
960470341
1188426039
2038426191
1719212498
80460921
1141147026
1147110065
151588000
1870436379
2096815676
1358060757
1257362678
200173674
37932546
1232134581
88642993
2146403613
785713551
1096029523
1923936581
500623324
205123064
1355682135
92309364
405132350
561872933
763882654
58068414
2074815966
1248822569
531159224
887802660
289764961
422101767
459531510
370225882
1563248793
1606641575
521813882
1286201525
1555973604
1879874640
396080555
1756147278
1917807186
1628215136
1844790271
1916727151
266445040
793336146
1693180084
767068364
998459210
901378572
859377728
1403591560
1463251505
1623260383
1461659975
1390583824
724599304
1992819199
130902836
1014364265
267437318
590434346
1384590148
1830686112
49592273
1906404030
969403989
1605565877
1638795022
1365484544
1214229508
1409118560
846216032
911536131
1178362063
1112661072
1704872278
724058500
1879729437
555847840
1625437072
591623517
1959439401
941204929
67400252
1273615728
184305105
791999557
1118951279
315207941
1806363822
1386388597
905642287
1043470322
1069591061
955234561
802390705
2038995050
413316790
293702079
1256995946
1627546298
1702820640
2103211979
391598782
733699055
1068389403
2096471060
1457757555
800635192
504835252
935710979
1392258710
316791005
1876915909
1459658962
1590406733
2061221014
104174871
561874364
228945308
1910538694
1948262962
1134587595
806525368
870370375
2089822156
1608916073
761881778
355655299
1902618153
2018877724
1983201597
1457955145
1974606055
227316731
44170552
895511811
176304143
1501928108
1696147003
681139396
290155439
940922065
997930401
19587700
253097380
440853487
2080808715
357272251
1002727851
162270375
120327297
803507165
1296857970
926852666
1673877541
1239196479
388285091
288275671
1594851778
143419596
159669747
1430569727
1601374741
2134275803
1657886459
1645545294
882303966
1834190602
999989754
430967321
367846350
1290145193
1371889387
1365776752
1309732894
1624986767
1806630239
1243057961
1982259018
661874442
1405328336
2102586316
1465381608
554702658
881955334
991775501
1793899137
1270240425
1280051172
1241267267
1413660022
1439720919
524353347
867551115
1426513074
34756158
365612761
161333392
1868946760
1365602515
592300714
89309463
508264061
1964190101
1455086215
1817996955
1441693220
1114232806
913571268
1276468590
1776107248
171415956
1231571258
1094005208
726118614
2113526592
2085780709
372534104
1236283370
1218348233
1613801371
502459744
510585505
2138154718
1370010859
1937098579
25427228
1735623621
2098431972
1894373989
953742488
543249038
1983683452
1462006549
359955491
1291286019
1132519856
1801648711
258035177
2046091124
930633653
2034142425
70023432
14721264
980663986
796142047
2128247856
918961047
1168676151
1217047578
2137309281
634993874
1719507322
500411138
625664945
942034534
290026069
651092173
530174507
240974393
397982514
1483916995
784223431
234182318
798439897
1144178922
1525468337
1930959753
798343985
1783503514
1829567230
1728977639
1670162292
1899590662
1743698903
503342630
548249061
1724463111
1422303677
1716925212
794027042
1412129310
204435439
366050716
1912540448
830100384
1308085250
55082870
1481192557
1838259757
296057263
1879175072
1174693105
1080280695
2113357390
1973133002
76975969
1491342080
1756609107
875319955
1127361946
1438692689
456813946
650040590
1190799704
53029201
1153383220
1739048765
1777492312
428203250
1308490330
424035706
1840332560
1512925769
790086423
1605389361
195542505
2098171673
1660472231
1676735062
1788947783
1956529494
1408426486
816157240
889326541
1374300229
641806594
966302511
718158661
250932053
1841622466
1845520607
1689624743
150952764
348077550
732940799
203981965
1501460770
324505916
1981474277
1929664020
1632996246
258026336
1622512933
998438367
1048112759
1080418646
1193980872
998800784
593407229
723232287
640264919
402453075
2131658773
1456422159
1291779617
1358475354
2098228753
110598480
2076634015
201677159
1952220946
1774670975
1891301902
2103173710
2122748525
476759053
159672027
1476725647
801264969
2141146304
1258906020
286777568
251688992
733935305
1285215935
1299801751
1814353951
331713160
151118888
260277532
1054945447
791383807
662730607
1039120572
100322319
1954510224
250112279
51067424
2065108704
179262646
252744583
1869846002
1953933621
2144046485
1825536064
1929198498
473321890
1985208091
1258440498
1274586860
1978870748
369862870
1561364428
83076092
1103798175
699096715
1382877844
770668478
1030809875
1533996732
1030946010
2085755322
177896891
1693676617
977392247
278219210
1500703194
1227504526
329286635
1418328250
1406767172
582031218
1140690605
1213217146
578594056
818743021
994931996
1051915946
656467465
105888846
179019158
487854565
475751716
1740383586
570930657
1579549891
291996654
1953808501
202734721
1322806529
1340321585
1233680731
1261078204
1518218477
779873701
90986803
1796437687
133093247
1318491329
2125724322
1551421497
577774853
560271893
544628454
1790991999
1138865949
1363371476
638440348
43298247
2019838941
744329194
222317406
360209858
1220080911
1962700992
931140515
652147154
107213998
737465369
854881876
1430020528
2077786954
2088562607
543615084
1448521783
720952660
634601887
1097475823
854045907
1953093216
1075716497
257983757
383384421
1635988390
802612211
26892773
627370691
18500039
665333121
670668939
2038338980
1409662315
892986345
251065190
482259578
708203689
1182205706
1134406733
815417688
1919671075
1989288609
97954568
1849974381
1930367568
641569652
1151012517
503836581
1276171539
101004692
1357882488
1081781107
1176721189
1615866245
1465165528
665225932
270994809
1492058301
1292596623
289494848
9907774
1963265562
180350181
1419570090
708768259
431415371
1901829668
1416971949
1613621077
888752753
84905989
1385808504
730557714
182860557
1088299238
513441635
824430209
91828107
1017278216
2100601748
192832799
227677056
1034899207
1369553988
1843543302
352581087
2034779920
2114538111
1844639389
1179892896
256549311
1854547163
995674810
436899492
1126633605
1704443070
868314864
880979626
973931371
334452293
1769732379
1058837360
1720260798
352806446
1241697917
661076388
866248081
2066128126
752904495
1883526297
2019246226
945737294
2111203353
906661785
167807634
1807263007
1259242872
55103907
1774317470
956398613
1234996803
2030866782
663462129
83187965
320282626
1790095734
1787631035
1188597490
523591712
614078758
1523049784
145840444
1672916118
1095826934
498646890
767130387
1756903322
1364894971
685774865
362324169
1100937620
557537443
1308061463
1064657325
1464199228
1475869097
724436685
575958453
1530973004
351270507
1532357066
618486159
234653641
48335547
701674125
554936268
1838431282
341821512
1743533758
214539346
955900271
1119099894
360379790
481332741
67443180
859026680
1248463129
1824346502
76438003
1934237994
39187023
1177375623
344291790
1347248486
94549301
1808491018
675633936
818985986
236965823
59123292
1170256493
1769322890
677609452
1404910135
1817658437
1379283577
1959846403
1508606071
1721105089
1555896513
1723145418
529521712
527512760
2083525208
1010854454
594955940
795068241
111833935
271818795
871506244
2046071929
311005818
2048881868
242880071
1658254305
2143431169
2051371090
186404593
814933507
140853265
245527885
1985190000
1910176155
923137337
1242616487
1580350945
154937266
1054979242
941473368
1876042356
463392108
517135138
258080420
990904868
453176699
1268934874
1585860808
1248244940
1380768809
1857679603
2119751184
1279357091
21201774
2021149404
1522237162
1679456079
2017096925
1426124604
1865860672
684546784
1566977870
2111388557
522253137
1329670377
887042247
1764869624
762537674
1041979513
672365219
1704011043
770538221
1135757327
73662533
1028618642
2126662195
526839232
150069868
1565039355
1775084172
1530838678
1275235311
1747351709
662712121
1296437085
1621017465
37465635
828409516
1490630743
1463590240
546786540
27693879
883084462
510691449
549947016
65271191
1397733696
167332993
827808866
292229562
839698212
384336261
1062767783
1975455539
457998794
2091386425
1954634086
984838027
93972646
1372189793
612438551
1624811324
499941456
212306612
140039797
1796378541
1833324078
177505432
477304409
1176471173
1641095672
1024090949
1204165052
376696486
1534782399
1754112069
441967678
785032447
1921445062
1269776544
1077262009
613659626
1654112805
2140029793
441631517
2112111599
2083932570
248781955
949465978
30421568
1620971748
1561904530
1655232892
2120913205
1774211142
1795272689
1769808098
1460051572
1972778122
99628860
489039097
1466390146
1123719809
1693204150
1843086633
511018560
1299832571
137570663
1296051008
1073793985
1407347207
225829369
1687453611
913976364
218375514
2129085128
878604315
154824437
230383435
1828070294
185246005
1851355183
1242491176
1840478898
1824784740
869218670
1488267939
1447109191
181786595
1313562413
1546738051
670825692
632468912
522974212
216546194
328071897
1033992773
1516378765
465642560
182560133
442689102
1872989767
408389502
2130142713
639482483
626765017
2111744193
1518086798
781589454
194643980
1198673444
966835459
2045999164
293680972
659830709
1723300256
1162899643
615001
1022925799
1344686238
1314177414
422180202
2015511930
1946646326
945154415
84574477
127234575
1979147188
1600953242
592877135
14223673
2043642345
318383254
422613175
2026301410
957865737
1049378192
1990561956
328468888
1830967646
37722288
1527142332
650319458
2083721452
1820823305
1310150167
1659538061
836239300
1310765168
534980212
33441890
477458935
957160415
2048953820
276621613
1902314830
2133528297
403856189
1733978370
1586997892
996733324
1748202043
1483156589
1315116579
23331570
1361974351
125498668
1072709763
1205052659
453967556
756193761
1242774948
1981109889
1406513219
1179012752
1654449546
569179739
691067165
343205198
1879944907
1226047378
376647088
209920194
35724145
278117260
486541808
1938038975
264161910
890397997
1524533697
1851159802
1887131321
1125252092
1186832743
1054764252
1148583662
401323446
1180262921
73809777
1606376106
1634230477
830003539
701667406
1467856718
89033110
1880680158
974822616
658212849
424263676
1318027814
390674109
1650311054
1694674902
600594303
1686035199
1972792163
1087136111
1476590526
89470425
1977534108
853640575
1940630227
1717181782
1978892667
979979322
624462386
979992681
1381302768
1804725307
1053802459
840195226
1291472137
1883805998
1541862632
611845207
1972839108
1275059143
1586667824
483568310
1699322819
757211990
874242419
1202150225
304403245
1474836722
740701776
129711760
414489186
69808654
219182185
244539646
923449229
12328764
1961721428
754858248
992308086
438700167
1734850929
226127206
95941826
641169740
1066322433
1387413963
377492090
460701417
1999259171
202847551
1735760560
1438443347
686415861
1287599731
48171689
1560658280
342266308
352574934
888011354
1082968084
482286694
1302500540
1152776738
701468879
1547040187
2076225967
713797643
1361277967
683600567
1706105729
1799978134
270967849
1932232936
1895919961
912137589
851071721
1135850276
1289629680
1311773138
987625799
1492477231
900050051
278585498
31409444
40166134
326757188
1592067724
382432443
679332122
332595430
1465400527
1161618817
1635095971
470693618
1863087696
1034652510
399435937
429401692
248446829
1083036505
2135507421
2048424964
1354004354
1920256709
1796861277
118658295
623844782
785227905
1408287975
1935617921
1772853705
753281558
688184324
2051439203
784691002
728350458
230712743
229275078
1110782901
910044866
561870509
428699781
2071663683
49482832
899393399
1787267731
1084135342
1298829336
69185775
1332582171
234382193
57209549
1233523487
1588386547
1977466258
882901116
1707044843
453827393
1668129022
967849170
241961666
1293499079
1721130729
930145990
1197454634
358338083
1658496448
1428167378
587613162
621795702
190728596
1149483671
1050495483
114908631
1198966503
1949888882
1902176362
135618197
1101234570
1971362138
1468200368
1335616764
2028571687
554240208
776519663
1858554297
1437141324
336080858
164898042
957786698
1303930029
406859708
103802129
877577110
1337005698
1301256764
1235915193
848018499
581940494
1823528355
1469814201
772669090
825528378
372826036
887577721
2024494881
175231270
642270435
12629430
1276465840
466148925
1480829799
464598956
347236964
2035070007
1241118620
58307614
1324727683
1577199478
223205656
135030734
733645859
630065365
238832863
1611222969
1967071063
1540089627
699654515
667605914
2122030121
375699222
2137420115
747215563
1201227601
362762503
1634793284
1078238834
537993773
129580072
1090868265
1814459614
595728997
424214416
131574922
942965962
311800775
1372693542
1001273576
1636528458
802409373
1224479232
1771559192
1536055232
1854544597
2010392056
999794554
1674132013
1402998035
1699449069
194254279
1377544509
2075148291
184190747
2124760072
1128892244
546953250
1612069709
59647431
1084947024
1741649781
1150515696
751922990
189895130
1574730112
883497912
1132861092
1886530887
108707807
2134134668
1375575697
911117180
1211130253
999651242
299688764
918191202
862559650
1299483318
444839567
118074037
851448739
639093847
1495618546
779113383
823284594
1472894971
1908005627
1370237844
937481032
1967653058
307701220
531647165
970685106
1059624210
721542295
397931570
1943122123
1854403388
136978809
2051829930
1841054408
1512554507
815463462
904701013
364722101
1115152226
1822892216
1227281751
267151897
120248135
1345355788
1118600636
759341982
693490687
1897714019
1582626576
18902010
1658235999
805380773
956383042
1478405409
1113081993
1488030207
301606868
25222556
62088854
699538438
1968344679
1916492242
836517248
1872690961
1610063003
201588107
540670775
367280368
566310208
1655823001
42688936
1793591959
1922974898
162937072
991464099
894091887
922279054
1684954786
644322258
357421983
1703856796
155074609
1162802756
512756190
1633480019
128401101
2000786397
1935086887
153623657
2062875252
487141677
2121968336
1831883846
1323658925
1847175649
1294463201
1525247032
240362776
1661743570
2091557240
1896185778
1704432506
1737665551
1671677028
1867369578
581646003
418285267
642164985
119117141
1062607526
999586968
1822973938
1217682135
14906076
188246480
703678506
143307177
41549230
491281745
296930835
2104424482
978423423
271415523
1788824680
154598700
2118591173
935804234
1679845733
211470301
450064156
1623919325
2107656079
7013014
1214101229
1631849460
1874382593
1795747232
2050134727
369063930
1914864373
965258605
1368650898
1590354663
35457093
1383556974
1778601144
739135599
1526864151
1820150374
1230417345
1823794986
1777091208
61357120
2095210510
1418432240
215955820
2066318035
206752826
1895801553
130304688
656816982
1372237231
90477120
663829997
438854812
1722326580
390728942
87118396
1624977659
759792872
2001982769
442752617
2128443770
1444853785
478209710
1364517096
1075971281
1217345309
743897599
748638007
300279006
420208938
378245567
361636126
367935800
1796677807
577591947
286770187
2003430634
325909852
417074875
512763968
1698147083
507551995
1176593965
2137001895
82394927
1567322907
76636643
1707372587
179632131
2078619413
2641556
160592253
1375989550
480851266
1525109349
304477183
1698196575
121523301
1053115190
1998475582
541732239
1431360757
212628060
909668039
1080554916
790220007
1196438226
936501902
1116129860
1613513101
1449265871
666793295
2121065097
478376188
656311543
55976376
2045699096
732948186
1763348963
77847579
664083951
1765990519
238439833
2040073501
99358137
1763549182
197067036
1797554713
1885072483
1250182226
1648546647
279321074
534059335
1861174707
1188989113
1614614252
503911067
237943691
403632506
1620040927
1851456793
1852898377
139350574
1825038242
183790918
795662117
1881014618
82006366
1528610304
1496879934
159853945
45210607
1115386805
398293778
2085284109
1214744943
14359313
134867497
864816008
1899431796
1385049724
365879007
31269223
1919109059
79570066
1220258336
1386239663
583481133
1458202028
1789872170
56038412
1162175173
1495286899
195388987
839729767
1679077817
991051104
573260737
1761084183
372177760
2070140671
1920938129
417388368
1038043829
171748259
355188829
105305124
186107572
490056326
970121132
2085539369
1875106050
1336000139
2116808592
1646731462
1415570205
1189583280
885487477
1999051339
500301660
527875999
2055089751
1662476833
2023162899
102995090
354722952
1554757068
1094046195
927983690
1168357604
1466223955
850640713
941812085
1883612323
1888684542
1113560344
91317504
1993989666
1299667917
581373831
816627150
1237723638
308996233
5143641
1207048582
1955727695
1420713847
249148214
693731525
1272281538
749449875
1221607524
1179887641
264443060
1097286775
1282882732
619166013
504560196
229445279
1547149703
1672917800
1695669234
250306768
467246237
1431797910
2138991311
1580806581
1523115414
1985497329
732990850
2104489245
654640832
1970714488
266001831
659784473
1030279422
74245878
2080498320
1279427637
767977403
1205296210
2028877512
1989584928
237700204
145836924
939388055
1520582936
765002937
1443948251
1750028215
164668992
969382403
1298213801
414975761
1436628640
582528063
406483424
869951574
2105643478
244497105
1602942424
2062649075
899137937
1426173265
181167258
1558922411
308969039
255413137
1491937083
1588396676
1023390540
549749646
1469790540
865491820
787449850
1615627465
1804879876
160549138
233146754
1101344479
1910577353
397815747
2070726883
1061307506
812791508
1359871875
1643835570
1219274932
82339801
1601995400
1463772037
1685282226
1517160827
215426327
963971843
1698328086
1774348738
1272940882
1953741223
1118802173
713853911
829648115
1668551819
36160803
1695139936
308518021
1651788268
1352536164
469067159
1884935023
306396995
232160864
135267122
229640230
1293468371
948058630
1589512106
789820293
19849914
1671851907
244332045
1483621951
1209650485
1761492872
1699048278
26138680
1312337310
1325913368
1299079563
1118594885
297231894
2012933474
1948243001
1965783713
2049094277
1495899289
126818087
1553398898
700951805
595885246
1290850273
1007348800
828046111
1426117395
1236989031
2121514482
226692377
679017489
763851127
246542291
203385748
1008183172
1730164242
1413036234
622192396
1281728873
1439174914
1934529707
460158593
590770829
905640944
757390487
456220655
706400297
575690553
357831285
54815938
702508640
1911230183
755767743
1298393886
1054596808
1763116544
2126439997
333230555
852621927
2100470831
559922932
1531639416
716838310
806465223
1735025164
1725021482
389145817
1000577750
199730231
1670874690
292269017
2134259938
2131033284
883039846
892417234
740940123
1339260502
1598817532
1316630676
1697091787
1653633470
2019139316
1460838322
261917566
1170049555
367951482
2025034110
1149005904
701182037
730172389
1101993088
1261104969
114328157
1818831398
2067570192
1849353321
1396369233
309232361
702447424
1596099464
1980107052
994716441
1582875754
1963656688
1877756287
327809340
557113163
1069533141
1926626872
1873743840
619141280
1432776695
1745399508
2079979602
1694694261
767965415
300447436
1572244723
1916971320
1001629473
154933464
871480760
115250794
269261621
542828510
35337338
2118614942
1939197743
344569700
673578718
1387813559
177193104
1668295159
823205665
2140849792
1398567799
1151015006
550479307
320617292
930158230
276739499
939758573
215451277
2022139008
872254527
1910145538
642620775
1172701964
1334906613
412108447
26847789
1489840077
1283589207
142098584
1759101698
1826417718
177435922
1730232993
1618131813
522005622
256328063
858461725
699198726
1924623223
1681667390
692564870
1175707374
685198748
1243044178
1496324666
1615356979
1519783677
288599591
1830808256
1394439037
1160854119
1593470147
2037059813
186072435
780893112
301684612
212920224
123249542
1585273820
355018808
1882351240
1264207890
532454731
1465100585
734856055
1054460353
1721428649
1593317780
1753659080
1498568224
1127501523
298740302
526791950
1812700271
1541784480
2023116616
1280573602
914084510
164232560
963898211
161039899
1325086679
409884710
50616064
1511159114
1190777822
352300677
1724079338
1314027364
1937574497
2079098147
1048894957
1054298739
464069230
366511894
1789154794
1518529583
2087940543
1234988927
1124705015
1439025119
215006802
1423445318
1965817069
2027707073
817746150
1841450038
1160797028
1731830660
2005682598
2124695239
1892870560
1183285629
387096301
1943486624
546961095
1577874123
148303653
123556785
744417840
2085878150
55171284
1793312797
992693241
519240514
12341043
634364388
2037770098
2100281587
1869353315
1014991465
1391823058
2084360117
290953135
1210156480
1964583542
1108699286
904122870
977896922
693046298
762321820
955108513
438433210
1945607449
1342204814
234436187
345084896
772595290
382739840
468641681
1517013130
321134343
523812966
1162842279
1313827584
1043053480
1175183322
1948191972
933339930
1127981261
1670061639
1948331396
372320672
1606938108
91800883
1582477152
1424038003
1200500169
339116374
254451277
1893546468
1101438194
1209559791
184496030
899561995
404280957
418932217
1244646891
1176876247
801672058
1713288572
546405729
1122806401
89617890
1709248008
289150337
1132671371
736947683
89858662
2066011301
1864928944
1759920301
1866859049
89765968
1219374762
1958659933
1672243120
495929117
1011676454
2011359494
750380394
757739274
965314040
1959940185
942235305
1864876035
216737495
1361167522
962039278
1393613742
15355932
527844203
1940019472
1138162333
617462093
1501783832
1427312671
1750133464
91247867
1517171333
1668661118
1956176812
1129607986
1388036519
2045942780
201499100
1199212804
1570702253
697428217
63405611
1434578099
1447808612
821144885
252408492
1260265149
1763380190
2117284527
1477002644
977064065
931840158
723132739
992419997
1459684361
515668563
2130582331
2077146454
2017452395
1410411354
1679796271
2108700263
780099039
1200973741
1917393427
1909707025
441526612
1815852559
2111206126
1640739417
1239071164
661150695
1704145028
526165616
2108959307
377806265
778574108
1221740809
2141186456
748374987
551259805
970766873
1680215145
1274392544
1963186870
992415858
1790061107
1946285553
922078665
1660029855
1209213259
454391288
1621246470
1989312298
1655365029
1391156249
1751535676
2096891641
1059525160
1715258154
1590147410
151112677
228925201
1146808790
677278293
190400861
1524615056
1455852401
1412141670
1518317864
56743740
1963401475
341601089
1736958886
1090310372
157304311
581891096
732887831
2103589865
1503969761
245434038
1165319476
1958361049
1866680508
1007148127
1466242430
1110353109
611200155
1415650424
22394622
178974661
858314186
173507299
407899862
2005122977
850785592
598300723
1382254385
159154345
2010442393
753088601
215898085
1826360221
1094689690
1952856971
769186945
1251994001
387264420
1502074776
1208100218
1891234181
1747508815
225936047
1702111583
1466705675
1233084174
1020870365
429575137
1844284329
289037141
451969759
2023258990
1147351328
625477058
283675204
1004990657
1476262650
881975928
239761394
1635416995
744934673
992849995
1851315080
423811246
2087539685
1656688404
1192998191
1192050038
2043952824
547589320
252666609
1787703357
147614487
478602656
1342331292
1614320162
1711686830
215718010
2043895299
1408487511
504755151
348381410
1284262853
1652106479
973858468
1567938057
509613488
302637470
302430337
749374882
1938054465
1047365011
1742224877
1641885898
1471176257
1682280914
1151090654
516690801
726847305
1047559830
1064280121
979513914
687779539
1211894608
1458116570
2030110832
678731122
1022319752
98345194
575142774
283323615
603100345
923524184
1567586468
107723177
1897382653
988040877
617336665
52536475
1290471215
1366711548
1990590941
190352578
961452777
1484993191
1661528835
496250044
488600197
30735988
1223097349
1536160027
1095016109
55127615
76455918
159427069
1513244185
2106566750
838158192
388080289
57428296
1413300966
671403904
660528642
189341502
91506724
768251819
2086724155
1079547601
1385588484
2139260631
222535168
604816384
1982367924
412887746
1566269162
1319877467
2074416582
2062519206
1808477664
2105152570
1138132907
1197154043
1052685032
1193260522
1273609961
1212112101
559021059
1232693064
2050270293
947101348
1290121360
1316087611
1618505252
1950650002
1505429114
1710011976
571418173
1444669621
642075929
1957006658
1436446604
864611098
414339394
1271330880
1277498844
1980608556
443724699
1204431778
1895644114
104718715
1162100701
886293373
1301872758
67302085
2079553895
427999072
1279414186
491091306
1660692136
1182200832
1438192654
803329848
350804795
909214258
606496203
1856233909
471742586
1177914376
1153419883
1113818516
987437386
442382839
1978429614
1401776781
1713713720
1108444810
1234901689
9954771
165392941
983062156
114673487
1327493642
1869355529
1416546245
1394795727
1801425777
1844545317
526726265
145033435
1357753805
1708927097
1583226090
13600006
2059731893
344956700
620096209
1768482154
816699287
1798010585
774418389
1930517803
637964324
1216801229
1761463769
2039741105
783031301
722424931
1127159146
792986072
887817872
2110221302
907659559
67827866
1832093184
176722157
1462623593
1486035313
2021267474
1989349859
1631068748
1231537632
1550793308
1066811190
1245137638
1463041553
1411767891
1865233847
1084040060
80983530
1515760784
1858458449
2011501333
6241460
927776030
1625481454
2045982565
1710807331
200422737
1025658064
356309756
1088240610
988395718
1263969315
1156068476
673005254
1440691472
471208422
11556919
1314475299
313074633
1642625668
398529283
1863867941
561953210
1643666921
1179425847
1973721101
1361417120
115982259
2054704631
729694256
1974440708
1918722316
735935717
754733091
1396720122
634434634
318056774
1597142860
1660092698
674366530
537899822
501004769
1938335846
1693968298
1174010023
1231543670
17693072
1185566943
398535321
330767705
680708963
797064604
47151999
1242662173
293247877
1226577846
1068899627
1654664997
1342560105
976120610
236875606
1169517165
747359279
972811323
1924250256
2144079401
1607245957
94823383
1593738613
1119855008
769189913
2131638435
1620859777
560042111
1678123086
647386152
1791585782
1695816158
1832953095
42637455
2026583864
366178410
839702060
2073735863
1608840584
1132949937
1152830061
530256563
640131287
347906518
1506377173
877006893
1517423683
106252804
1849818216
1294190292
102848558
1309580525
1389013675
1696587171
281951885
10719940
1680741959
1902811662
570762052
1211381397
402714167
214864186
759713907
88183614
257501641
638814123
454362025
1097203701
565066338
2063202609
82669991
1717896399
445975524
722801278
2065802917
1952352697
1599808171
1435742953
2058605502
1302142739
582449597
13970412
464239616
1971463272
1710557583
746191502
1982183212
1243815894
501519516
405461616
307713643
904233683
620325802
1067427551
992417298
877827444
1706241674
1446779323
1975031145
123824365
1362498284
2057701136
1841720764
1808473808
633018766
1760040034
1613342857
85343289
1048299339
1524464711
1387486028
1630748936
1538435123
1851725645
1454728560
1101509059
450433499
1289428124
197841305
951953015
1694889741
505554949
1856186699
167731895
1572982500
701120349
1045559339
1131740526
416024
873106837
1255564891
1362914308
783324325
949802008
1023904468
1416343092
562358394
489763677
1501686381
1610657733
2014228389
741688762
1093923021
1405179864
445930759
401167933
359205275
896364258
1690596057
557046581
1848317273
1238002150
1062601530
1557020324
1405734046
488100382
110657025
303809737
1619840908
111073049
1176916574
727922152
1473987357
1960240900
1677724160
350408177
1229100344
92598906
840171855
583303077
1703256639
706916596
1324991839
649696012
2112096460
1770922598
1050863945
323818088
519803208
593976354
880864669
220636834
1831978505
1943466199
1777657158
1090228903
284082933
1888314184
1394038640
1903923841
1999387233
423471567
484362345
1325890943
236228819
14602857
1676299120
1465329163
107201763
368987327
2048632240
1810458402
1075903923
1226140432
312670766
1040516736
849579382
1363534711
1364334824
1369382591
1957511066
97715845
1590019425
1642005923
2041182044
1220192935
584751178
177781329
961023471
1978789818
2081705170
812927057
254777737
418583868
2138818000
491006556
433186725
1667633472
1956335719
540388489
2036620800
1857484312
203363243
965041075
936141096
516034010
2005557811
1785720478
1879568721
1222408987
1007619421
1689596139
1320124832
450155198
1184118414
1213823228
1670348134
1768869592
1391604557
483887957
1600175763
1325826080
1296815014
1854953500
1744409948
1288149366
198476409
30113025
808299191
7328480
570501514
697436343
1864812792
773864758
1662477418
653470240
1289898768
1520551582
291707071
1021983841
595476921
1299326492
564096333
1915601754
1749481691
1748214747
981941334
1272346177
1369600692
226062244
1756234134
822292807
1551888324
905565501
529762659
1148814624
46231219
728239068
1178927649
854530410
735567549
1749429164
1551966753
452896693
375810274
1066960524
1106366934
1665709042
440028458
1398074005
540209235
1035505379
549916849
1104305568
803623485
151914892
705036668
1785564820
1424261069
2074637360
2011627064
1033011556
749446519
1416031740
1938577057
1279209178
417362716
1984808276
2007448247
1596290365
691855039
595532148
1198235881
96338144
1048428841
1574046155
1163298668
7312127
1092271549
1603327126
1405386132
1632480785
491348858
1955302982
589302705
1294972343
2107217874
1294339373
933053515
1383995296
1221493085
797196931
269523204
1970939604
65745023
60616613
1102665135
483107739
2045424889
962629734
2079398105
589796280
1558161882
1130150338
686134425
459107075
556712846
1849433093
466419203
1648984395
1305276572
1871805335
1133981532
1796625430
1679624669
1723284238
944114125
1639358896
870139963
1877167641
875870544
2091633049
526880924
1145393748
1915089005
592625948
1206010361
870270492
1075733687
1103951602
1832900226
1007648144
1693747883
1243578460
2137798483
232398660
1702685536
547027681
2081831753
21621091
48528428
1239624677
1893426426
1182509961
888766459
1425567448
758310551
1832880585
917442696
1628450514
1562564578
1793313240
1572599915
2089445502
791223340
1340205273
534587802
1997233701
62992117
1610321490
953701655
1895892344
470485986
499965890
991987156
460800821
732364550
547189044
1007828502
666712656
568810135
1056356931
1906337333
314752914
91383244
647620145
1740320362
849693795
333017082
510279410
330660661
1895581660
156109002
1903260577
1837543514
947332342
1095982202
224647669
797082395
1158974319
1834969159
1750784050
907383015
157971497
103266293
1899370172
618772319
835630843
299075568
1626600821
1502343499
867885704
535474104
1261197185
1182638618
626857348
1908817330
775475332
1476551143
94350764
1285754742
1807211805
1989932424
1441863744
1562988734
1679992290
241712438
511487288
1904639959
1038794833
1670461607
1592125470
642095235
430360975
1750096968
745361528
182247499
221385639
1580992372
481323067
1847986460
935852223
1349208771
235976917
49565760
384363741
862834265
1958383090
1159839073
191901761
2052733854
298110167
1999113566
1895182630
1739973911
1414618652
1427691273
1981686349
1926105940
1184847584
872997534
1449083899
629489407
1515092770
1879444874
232102727
112970650
2061692373
453488366
1693963022
395531793
153991178
482331598
1744740564
389968095
531897358
2129104306
1252802361
342796801
1141459731
1444704122
248047007
1439569899
1296334040
2143229638
1032060162
563469044
1423437263
866262864
342091336
460801199
1739260398
1791175235
1090290606
1106869520
1523136462
1322393333
1219840171
1437345187
1775881699
766319545
1832876980
1929872878
1248651143
1430133897
172357325
1780548502
1411754555
1425159686
2123345303
405730638
722380160
223908662
1845300537
2018714200
219654652
729877052
434699596
1643091915
1596139916
776790932
2103893115
1187916666
420482520
1046700073
147302539
1943618982
221609759
1367142710
1233480521
1997491458
2133462255
918873854
1779880688
1234629751
201524103
1952238014
867694605
1613278658
1229914052
843556260
2019009296
1952294213
1067464922
1716826186
1823524765
1287119575
299219590
110740714
782727842
1895359506
887531646
739137309
935792524
1308014166
1785837383
1083095063
1104149500
2007447142
302754125
190146374
1857454952
288732733
1109020228
1489851993
1523362484
1310544331
1294606359
243573441
776339341
377036763
1087129701
647864989
181847328
7110975
217207527
2005372094
1294230550
516427117
2116112808
2076958393
264302975
856160806
668612054
1200095500
16691325
306965789
135706915
1120840825
166929283
438461041
1310987199
2024384236
727193774
272523779
1366752581
103072610
1583068110
513875292
346646051
211923803
890912055
1433775752
859788793
1072759384
1440886727
1076996320
930647830
587633630
1593423438
899276990
517108375
1857726413
1755437796
1185720429
910338265
1772129121
1492686219
1046045181
745486299
1659615502
1484506222
2056473498
1536516090
64216348
181513630
755785023
167288958
1764581740
1269660315
513935009
1976505544
13088723
1947710761
688810689
1085848107
1241113840
1765807009
2016495937
1828747470
1211746799
768289279
198372197
921989565
376243427
1384092627
1832327830
888901
729295198
730889363
746375200
241427052
67911937
655365050
1777943143
132128285
836878680
386244518
299417243
453976773
1655904834
813352252
282998669
1668993557
613579365
971809358
607358016
1854693206
590132719
476370305
1535957028
1801879519
1244659584
1734329226
576385436
1620903011
970938205
261229618
1621791912
1700233403
992118982
220683464
1941660455
1060030919
876048515
1572119950
1192159205
1712927195
1958364469
1491576448
19420320
1466785655
157445053
302418989
988295564
771024418
1274228347
1595653580
478233976
1864361067
2072023885
2014191005
1518756938
1169199821
1601036583
2095142374
642619184
424491140
208888344
116927449
2124724543
1201007326
337610913
1918901350
113554598
1213659428
1343537653
1305713803
779102976
1154418474
649806603
798523296
473720481
807251656
1100942286
1462016045
1578276075
227686985
910185977
2056510051
2092048052
834726214
1923217408
1463321342
2003926035
1376770343
1410980068
499061571
1801261483
1619868413
615989020
1778502378
673392091
953599934
1549920081
786946689
19775714
745974086
2092660492
798878690
1900392560
594983448
1597401987
226629393
1402235104
550860625
1688645438
833027531
778547610
451347767
742053935
723112015
1286073981
517787695
38949709
1142516368
1894558039
1449929778
1641577939
1548335874
922314543
110083312
1179354605
1595706634
1063683246
581791038
235169676
1083458960
1327765124
180346520
1882337651
1080674036
775329968
1332255990
1307303429
30081425
1883116615
848465219
863108956
514180577
1299812986
1605162891
1237292592
438403319
2122950587
1276242302
1580919687
1870024978
578688432
1075013978
1270877204
1501002975
1185097290
302748161
949225961
101296888
884539199
1184395637
1184755849
64820675
1364742158
919609852
1145494711
2140072126
104382194
305314492
22669903
1987498809
1153779711
885778860
354195738
306109049
343458103
1591488331
744512368
318925042
720246985
177948407
41466372
1298935417
1252962386
1312343577
652454744
290576028
1615091738
1601680705
391872917
352147290
638592695
1576628766
416967965
2003334853
348754970
1562462677
1995923331
453137164
1867777169
2018593235
293152325
874073233
756888447
647348063
1180182282
1100346550
91352746
1924694651
1419271593
811599731
2102643058
1460737965
2110535148
1208121796
625597894
615506244
1498697825
93205985
69703302
1890570742
445353275
708295997
1319715860
862321240
564147202
1668470830
277300269
412586885
2121607994
2145077439
283696472
267276671
871667024
1040584919
914624734
2051849306
2140931470
1005977481
1829060309
1412719415
1817577212
1784219720
725973732
1780628713
844857868
1351571627
248651309
196072045
1444777612
318354611
2086642787
1890130887
1026650608
1258874999
604968479
1590797810
779862181
882268749
2003384696
753986527
879862540
139597520
1021263198
1751529564
1180182440
1935887933
1655895222
1173630262
794381766
1337471884
438866029
464475330
974207956
1164839761
97620395
1819065824
368927740
346271705
2015137870
1813705352
664626316
1954297009
1556352591
1691276925
1065688361
13837423
1134591087
1845550542
896106172
990492135
452053422
1775968712
1130089656
1473316620
1380014628
162788448
1261720905
888426202
1336418710
2056102671
78414438
1775284739
373094354
1052622394
792640852
470714749
724204571
1161568593
816986454
591858793
827790297
1481612771
398672154
236659241
1025406048
1464360515
250496664
12513487
1162427410
1146602836
1003005623
1614480832
775087900
2133095279
940313804
7618880
148400079
54551062
896045082
1484818789
2110653733
974459521
1112619880
336264439
2027081915
1905260732
806979189
603802838
919345677
1623965643
1195661631
1747135975
958094766
1594333786
1983795216
1983500814
911210653
86808232
1996014302
2073638063
1233411068
851536277
1540635247
2008498968
837147908
333465404
2016117848
985547987
388016466
764679282
322883128
351186551
1739138803
1435503008
687450991
1618737071
1193280092
1494430180
75056261
2112625770
970912175
1270717893
1712278097
1929006942
717568031
1548589665
1765024108
1628778684
1635397897
1613554762
1554933100
721325317
317607391
948084699
582340637
1154755299
1281550103
450974837
2140303286
1669566569
1215654119
315702766
2020753121
807309275
1751205774
560720464
278562698
797002219
2055150644
353618959
762144341
878579171
1624336852
326938790
660102465
194421235
1875528455
277642926
1823199920
1363442704
1891197688
1230649372
2084768021
61321432
31250423
519625010
1216076731
1312800527
970599847
1208896370
834883448
38770318
1524599136
708152921
846079593
1128321263
1268873385
1124642291
1925323482
1176540381
1478261251
539984175
2055119553
955114455
866922965
567738370
1149535691
594967772
845381296
825251963
1958410476
589095337
2055901335
1895694849
650416769
2087151758
267836211
1866493500
1252468637
1238436058
927906222
2087352086
1277206376
305021711
648021359
2123285970
1433342974
1916894745
1100444613
1211182808
945951478
431222216
1751166983
853587383
1386336672
470606300
1421325754
388388715
1065574072
119223402
1213640678
876500900
708318739
1122058365
624712101
1358735508
1061726475
892548312
1077745361
166711465
2130984370
2005651583
106579903
1260707098
163189646
754601262
1236509420
1596532620
524012359
189470386
660231780
1469963838
620692602
263915115
176067573
2007029274
734521415
1597393327
247934341
1800095487
1716616730
1461575019
529112739
277451821
436149736
1153824840
1636187330
1497876212
2046373152
566449043
1664587677
2029873874
424616978
1771167580
1143097325
587806625
378285194
232123097
36855597
902297554
421593483
697087378
224777744
1042286086
961002493
400845317
901831712
1695523909
1998238645
1149766054
1348135748
1567371727
463857425
1877248488
1844823548
900007162
883589680
1333527230
250399726
782479185
1899976273
1914987403
664869411
177109604
1538671335
1807966736
764916229
1916956529
2040089834
801771826
671770435
314199669
1498859204
896548179
1356485755
312378050
1297393497
110833820
2007901959
1148148494
1260599874
1208554059
568036573
1724457299
938318899
265376473
476980813
1821908580
1598903704
727380539
456904117
1351396329
494884294
1121773528
1528505933
2033555629
782256617
145938514
1803028511
674862803
947710341
327315298
989062472
299085897
1223863478
198064580
611463947
373773327
308898400
471882258
1521921821
1569498274
1680436318
2089958394
1146471925
471271569
207851219
1623452739
145696501
1806754923
203349630
602600618
1010667605
698233925
1724374147
391689890
584305906
359147116
537628405
239850769
1034009919
1485338746
567166068
2023072391
1784424643
1791029546
73653323
248404943
17319225
382551723
720287201
1539241046
1952049997
253239871
1481715792
951038275
724511441
1689567011
427007366
870207942
1348838287
630356996
1472808561
212022244
1328590921
1049699060
603712134
1912896828
1408846176
1141340539
5263949
295372447
479195637
572430017
170961190
116136633
215975915
244614514
364541576
233295140
627166237
1084828777
1772536186
431732587
1338068649
1106768330
1382770862
2062580090
648851694
1809778228
785304384
1997689981
292651576
110629297
62228577
1621242498
1160328357
665940711
1386655678
421690885
1807281251
1391919627
717063332
138993240
1964349645
888024523
255129873
32841912
1132639037
619671449
266137053
1759805274
1704500227
2038673239
44054213
895085228
997957922
1426825075
810181670
1646809616
1089119655
1595486054
1497015949
1381771232
1706115352
1559244526
855530082
718960061
77701589
94702112
1140650947
1884982840
1486621739
1857714279
2023976081
1303487736
598255154
131622306
1336329649
1730894191
751293756
1602466702
1343215818
308310335
1493656293
1387270031
1203395563
344130567
666611459
2013577233
1990940183
1755731114
1461579639
1340472484
990018698
1020211343
752233362
1845548780
1739171405
829934952
1940250892
732338704
567434144
1279388984
442569335
443926577
435393072
1040824490
575548884
1771722721
624235033
1326842640
1226705775
1967450851
1635152975
572878421
1207237235
691064890
917008988
1873848694
557158475
760465524
1482096160
2018738114
2100938008
324631211
891465810
705687723
22696343
483153567
1535622675
1962947236
1215492271
2103056819
1094852572
1658061606
399499749
1530245644
551402448
975048633
1154484718
1175637482
154407625
233706845
995604685
1789560600
806585266
55358272
333141842
1723594255
1929206966
890300317
336576131
1263819479
761554783
290030491
1588450690
1653020593
995718214
1611147033
2136174160
383857241
1426610621
1204182783
339430413
373979545
714760742
738930162
1904225190
1266163190
1713978795
911226260
294317024
1868386420
1144933105
1289921710
1510463372
1951518372
1345279982
1843605214
1527628979
1127003301
586421883
1864205110
243339132
1347976666
6751953
1831789822
853513612
1002470168
1295453207
842204124
1386327409
574580181
2046386908
1725757822
948559726
613664002
317204336
705301268
1879827192
2031183131
1616527528
26660569
1752085903
613976986
1316582279
1115065627
418011710
514378613
811187193
1945640689
1641381914
1397609076
1662362151
1884721046
598102095
1669114104
1569027220
1451615707
524100624
716996780
146336183
1910428034
1291576961
45239443
1488702208
92653039
658903445
1805906545
797954308
391246990
1689606028
266998188
417907559
1294208284
880975174
1734489838
261790263
1298986884
101384803
1072977457
1097143925
1742766718
323102885
612022428
1480004116
921204980
133652885
901547689
225337039
657753509
1618544469
371673223
420697895
762637782
416912666
1909400104
855290821
1075816112
1567823001
1653245129
1467063102
1109945381
1920243318
1884970661
256670017
653734844
1471976851
518460281
1952721729
1573361654
1591437738
902382006
1168644724
1914540623
1514404435
501165193
688261956
1648057320
1402712882
913598995
158327181
873773703
1285272218
579025077
1636411485
1702184885
340941533
344218658
630517349
1908764534
1997463788
2097580451
871226267
1770223458
1835067464
1127896285
276474654
1159560667
1646356566
81712735
585438673
1090310656
984094742
1754083398
857367631
351015529
107764943
1545629587
1999072849
1510477825
311744935
9916382
236767880
1597017153
588941459
1873179365
1151718390
929882992
69914375
1782235739
691163878
2067378163
1732332542
1562390146
1690117973
1419916358
542802783
1966592628
431993377
41675701
2048305363
1017432051
1131986357
884916457
624031801
1989353988
1235931986
731796744
1387499928
1087521187
94790921
1699244863
1097437570
331558801
1148778368
1686379029
57254518
153013111
468778374
127168893
1935248850
1159942252
47063409
1520097745
574848750
1737181382
792530455
1117651533
1556290362
1224523833
1159327234
1457112078
94472236
143829943
194544887
718504037
2133183932
1430476874
1450300781
1373200212
370514413
1545091702
924961427
1467951983
1876650503
2073739795
1006847365
1933905021
79269258
1475625739
2061073914
2014518109
488084343
2108137323
1387132206
1062933094
1697835058
32179013
33100979
1106641772
1256702846
1192428214
416270202
1351175082
1336258157
610815090
2069679119
1321958441
2041291964
1372496252
547675005
264322729
770104306
1472636432
1732274713
499271161
1398892580
591638430
285692534
1478161838
2067264169
199282801
1345196299
407864864
159936476
584844857
1470797958
1857771534
617023871
1503898938
816929659
1873726717
548843504
1233199861
1077418152
1885101661
1844014951
999613623
1059576455
1737823267
224626228
1607251460
2002145997
994730534
932404245
1586937062
1494001696
183813177
31091844
1779694230
1661975015
2098356013
1978977031
859687667
358737229
2138913508
1444532524
1829535188
1849201394
2061556395
1185950478
518647405
1787799465
1734793982
1751847267
717733969
1472411995
1448378570
1717347592
384504802
1038718190
1941973820
1991756263
893380539
789220707
776676860
332833953
135738755
960490037
363925797
1915432985
474981404
314798162
1746926369
1334669071
673535391
1738356229
631717948
355586931
1440073975
545790695
1541537409
1958721381
186106512
1128847743
1563085000
903840481
453776091
863979922
473704426
838280893
1902698112
268194598
682553508
648595003
1057415305
1459230368
981428956
1193154060
272236757
1345354753
961103398
747218162
1660152915
560546119
2081887233
186204659
151418700
566121533
541791590
1591492675
1111912229
2083329000
1402730408
1298018741
1064693095
818331760
54375575
1518469186
1682311683
528080001
209266432
1437526147
796274599
891819940
2086121151
1853689905
203566661
920066459
899360317
475803418
117937565
1860463715
1223021580
1778090480
273526186
1157425166
1964295139
424944886
1723546699
358603082
2016437562
687975280
294448434
1271684322
1985994022
1359141529
2090016083
2040369597
730127068
1624844118
420965950
939393500
914886617
1217240549
1831213440
853524120
923446806
2034780101
1773590580
1822807124
363099872
1891528145
1535787191
1586121452
1522134977
1809313378
596062970
1338946469
86774616
172126022
1697549551
2103212178
860101302
1991997985
1227412853
698611676
1203655866
1169945288
591497625
1933782934
647305758
1012463575
725692786
1562192375
82220477
409422579
268232848
1005667283
296719032
2041823428
680990759
659818904
1785867925
69294303
98456709
1160519254
1878607681
694519679
351982075
1965382297
866645701
2049531626
1921110828
1726747004
1894045963
1001040033
277875032
950218182
23501673
869372658
736517468
670807431
1881836233
1462210255
85516158
1964056710
1871632834
353749006
822240346
20868218
248088786
1503231105
680687123
2033956711
1572525408
779143832
1046992318
1303649441
1473663511
1398974393
1121548091
192825565
1301022372
895175271
1919572569
1047584687
1896215304
49963953
1997802869
1919716977
919336611
586836690
443040760
653689197
2049046945
528556918
470262259
1773196131
882305925
1292502605
1794064349
1130394711
648250063
327267824
1016867775
73291823
1106411656
2063860093
1376941265
432591520
1315350838
351005708
625417085
468889562
1246180979
397506006
1516474250
994912635
447469959
1366793471
767145964
1366806571
1953630161
1210186724
2020495768
1855193458
1738743642
343274379
1480905941
473565919
1635776985
1127486643
1603960631
136543400
1454754467
473344758
209835223
413682476
389721203
1586776488
846273996
1705072041
1937782196
1471691081
26477956
1036479527
1869197087
1542952206
2031392162
169183398
762262029
651054478
1535989969
568408543
1861241202
1409002089
276118353
1452501197
1752276469
1757024295
1926067116
1240569806
737027290
1382544099
1377113206
44298109
1855888857
1586948429
457980585
98126412
1026241270
1304254581
1803198454
816539818
628462014
1829676410
1853019346
350175453
1225144968
1736927860
519358852
1987406997
240498691
2055348821
408331892
2101739893
1316867263
684450246
1406757442
921660084
293990893
1185340911
14746242
1031018183
420401362
1391859448
1075316292
128806572
831324229
1533296878
226932984
1857565499
690067811
2030131438
526621670
1318529826
1712324200
232157368
1668705279
789985520
1969085228
40580483
629908870
62100271
2095929305
1038240762
16356517
1265312920
1722691008
1423113959
39489356
2016681901
460971222
54235598
900216436
881372585
1446095046
1975532729
1010179157
129935627
1361345959
1237112141
1987501127
2051413770
1119759932
366639149
1222459948
684600484
598796517
743681580
1474586005
420398097
784262063
2104494875
482498369
732707720
995251989
498854886
1998020640
570459350
1921968845
2037509996
439657603
235456420
2091745594
1339874040
1116829005
1390356992
1167923121
2127008162
1520292620
381785432
1216636655
1360310099
285715554
188912939
1726949248
1508175503
873513424
178262117
104373435
200615781
598660214
888635498
157627008
1081158583
1621343219
1152878997
1580013469
1471880211
1723338347
1354498667
1361906560
15512303
1589955087
1306168506
1355386343
559300444
549041851
375825816
538824958
2069334471
757611248
1755461613
1282160922
1043326802
1944374553
861626522
404018657
670404329
1039888639
508392092
871020110
1638548853
1397027591
1028647118
572223789
870887162
34042467
4753610
195283725
1757380815
1359252277
1557190285
1772893118
801723716
715875144
980795813
1361024160
1264916995
1356621629
1899849118
1186767818
2114232877
1507827084
321445092
1010076031
1304717989
1183071614
1414094689
1975122318
75476605
1922486781
698658780
1714025458
1172030724
1727305898
138765599
2042917886
1761348365
143519210
90717964
1371245532
1502771487
1647908249
996655002
157011556
216299745
1977450815
1518035716
1481216740
1186588796
1270401187
520500910
1153338025
630744623
841946002
15930409
1935462612
2025017616
1430025098
1763101282
2100494221
1205028231
314276414
1667036032
229575308
2041582312
1805801631
125009546
1655447029
1949320841
215727510
879208914
1304608681
1863635760
1875863916
1461620237
2079935505
1705831084
832172305
1413668598
744936232
2102573492
1934169508
1898274258
585834467
628631863
1914204667
373813431
506165831
1196746117
2136914713
459176405
254290700
303707479
2126212437
483866008
197806143
1784530420
608875555
1853253173
1586367614
824603065
584978439
743492647
540755177
313358707
57629236
473207035
2019189791
889801541
1886875633
616642376
844891386
1673561493
367432986
1430725853
154709708
134154005
1804539285
660875540
1330900122
1793970350
1120051945
1585190822
2097677830
1098780734
2069056831
148000325
735827506
530448738
2001253498
174711472
1355051803
438748289
918204119
1895806981
752106997
975833355
221530368
623813140
1865634897
2108406001
1240455516
563042635
1634483846
1607888502
1993768488
1789193555
1742042507
1650824125
302585447
925458981
1297310828
1422637392
363166156
1247505010
373934478
284739339
1395505335
1109761984
815188077
1249275186
1284473457
22756232
1688023475
55193928
1918563213
292646824
1031027284
2140093581
916459965
749178533
2101015934
9431833
1312221168
1588016133
1617320336
1158506008
1229726040
1211879195
661846486
1532311487
2137338177
1959157314
807465231
353020685
1059178676
1181399709
637760024
307200363
143678045
1452948101
1556475549
1428151502
1475704333
1097015377
1483345431
1246783899
1389662201
366889067
1239393832
158638518
1116067600
1192926119
168070352
280805120
633458604
1785390688
1439311128
1863184644
849786235
2101157614
1248012483
839640764
1912831280
2055477714
1192661449
824526308
1089393775
1830421473
1131726672
1233071820
1135885926
540718573
513739675
464106612
1637733950
1997085106
1710890511
879912504
216490525
802800695
1038551022
1332558125
1995726814
1206621374
1613363245
481701770
844528414
905190725
197402766
1694314650
858864692
1445415249
386471766
624212324
1353409315
1579133216
1448738633
295319442
1262071041
432981657
1528391263
250473320
973700230
2042130938
714579932
463950533
1891732396
277986795
1343863037
2108222921
1080787490
234930411
1293297398
929030657
1441551786
759176995
1410732427
138596552
1664367720
1608135194
1832911202
375748764
906066795
71899321
999961089
111992463
1651032537
301216074
407311905
765619930
734197731
1935703168
1016093250
1707897961
1830350458
1730673182
24364846
1574599206
2008659977
1368227883
1535338479
941963820
1603158295
681152229
1870994477
897226433
1440329224
1134243256
1035822985
957213297
594894802
721250540
1332962061
1500961598
793149861
185439502
1612954061
296698750
486655576
2020265966
1062318680
1220853307
1808485487
2078411931
781267621
1491352297
1661601465
805632467
918467856
1522777795
26376703
306322687
317257967
1629534998
987474917
40768796
379277783
280320493
1175012052
1415100768
1237533790
1769906855
2136351308
423012204
1123384805
782017521
608451706
588855218
1078716271
1095107283
461637536
2141034952
168476942
122639375
2071963235
949744563
1613991673
1586081052
1755377031
384975881
961375199
1781753734
691298568
1278633166
1263805084
1678773485
1319401962
1643082867
1959093979
346930367
910699987
1049144121
2116837222
899567648
1472156325
1092738379
1681585169
2080608032
1681593597
612817793
1028231667
2143231133
606369097
1196708609
118386861
530848684
2146453173
1732378534
2116929736
1754346556
2117354415
930821288
1388616642
661169335
61970806
504938078
192459173
1381372769
537297
4069504
1728303136
911237284
1053213625
1697656710
1810804932
377886303
642911441
1344906454
311010687
177021390
1957724247
1339242354
172768875
416609696
388467315
291155736
947458380
387436840
2023534270
916904468
2141783396
1993405037
1847725756
1382916390
507090725
1909696563
1887854468
699549898
1143585684
1888391765
703619402
724405172
652145402
1756833027
274578234
315466686
2134719330
917489675
1660373140
298246369
1094511065
1470613739
1637488723
1267279940
1887223435
2025956039
1558435677
687198167
265909231
1434486299
1604102636
260208980
1280407689
1304344744
1643125370
1787498414
1066557659
1383496191
339564664
62659695
1124404308
1043184066
787064867
1776549710
652533445
1061643101
2092016397
639769128
1979132776
1604905889
938015497
926160193
928035981
428020573
45956486
667775768
306492964
1604392163
1354973936
572402195
891394814
811592924
832611175
24318855
2115937668
328252898
1811817269
1035011680
1711749089
3898285
1097671375
688669749
1047082351
1884736243
317735812
1699615797
798895696
262268561
191901277
630544825
1867174450
1129916774
1556705018
647726783
1557937347
1602661504
1315502552
1864430311
1059570019
522992840
289348859
1950964834
1334585764
1121960034
1975283689
1303039784
1450212932
1639617311
190567816
1014478373
1643515596
1288239192
1703148123
543114300
1025491787
2020883935
95246449
1824387483
135668848
287147726
307448660
2002843298
1417064500
1864153679
503086434
827518200
1319331535
1818588986
544464863
231417907
194098178
833813722
34899093
1528683942
1955773757
2010182782
684240078
1258503041
1502316445
874807895
125497767
998348394
15563439
1828645890
1541462694
1041055226
1702046177
1636709143
717959061
1837715025
1923856869
1025407722
1693074675
1193437721
742077753
48677461
2020955921
2061409288
1867266447
417937137
145343547
2061364625
1251750859
180242640
1442564919
1060040968
42941775
2126804998
171060362
1545258220
854129245
296558129
396122966
869692684
2125204019
1937585660
1910747910
1679766548
1426811155
481223323
1369997925
1203184376
1506631045
915588952
249138450
101225150
964266414
122610723
15150791
684049213
540547860
160494338
597930191
1792298720
340736979
2040495110
704856040
383678754
2019816460
875916402
1928936974
726462057
1172474531
177576293
1596154741
1150194902
2115161953
1359419003
682477802
1394489461
1840642327
2052475727
450190189
1199789724
820581032
699328639
1301014875
1784847446
821939363
1316165666
321413011
1362487223
1476660004
919343202
1007302295
1817396983
812354665
1712158336
53592089
684687477
440591090
1982529064
1411149535
1613065622
12621709
859820628
615776876
2127783662
71755984
1298254679
1374789475
1912398311
1203246758
1824979665
964704387
2023827790
376824656
118235614
1661191588
1198764019
1434401280
1982604600
413767595
763577637
754464154
1421069890
433490972
1566818819
985744578
487083062
104022649
1426335669
322128478
1515172184
891917643
334750187
227509164
1507694519
315050201
299265148
658465550
1689839677
64179811
1861712309
1367335694
1028884199
1738056451
1744160350
1147119813
1251764392
795440722
434037446
1086885344
1209208317
1197615083
1841349498
482794559
1631106055
1260684670
1468539138
2118189117
1364707319
747391159
292833947
732395855
1639308802
627584134
959905019
999519673
942634336
1259170168
1657985224
484990365
1323349979
1372213885
1852326059
204750530
962786688
1449002761
1351870344
67067432
96959835
1785907790
1153952776
1306168152
836039225
847818627
1788962712
319661632
2108503297
1110018202
290367102
1325726968
1857409361
583201049
2058122823
1349234515
1210785184
870544194
201270540
5935872
2129714362
1859255764
490926237
1305580694
1083986001
195768648
1510331224
2046772690
1644771409
714717920
2113840122
1741731245
353142062
1120309251
900415749
1189181287
1968127878
541894813
1508842920
1929147527
1651913015
1799210022
1107390847
1361838728
234927423
1018030022
563589595
1445712607
1888574216
764860136
1451648479
1870804931
476632252
1942574716
1028901977
1560618254
2138343364
391749553
1459907296
1635631126
1106467474
1426263770
1229878723
1459609536
399089373
2130294472
501307176
219733603
524705638
2010150096
1397482
29135005
1661876470
1108788329
1390973734
1896803893
2126818351
1954563329
1195032853
1867908920
571939817
499197684
1591230203
1048572070
294288753
472648532
461706676
285148469
864398085
1921613972
1920779595
1970865559
1200394094
1003174670
1282991448
1599483468
985985495
1784298624
1819217071
1510691133
1646965072
1820614554
1539826138
1161357894
781919235
783316224
910678139
761253939
590395906
2105710992
481679211
1162335723
457425029
2072909414
63424145
751713782
398074298
525130821
1036862251
1262472383
299261145
810158199
1085854295
1499655240
1813332869
221362095
951655060
651834716
2005660719
623388483
15042201
1505142143
296519389
1554868340
519016389
1078438625
190700916
1429694528
1839692564
781096822
1387921873
173888127
1943432546
1845346902
99313893
2006856691
449577036
497388191
384503865
1486439287
1759860574
683765010
149113838
698231221
35936602
1962446708
919593316
987591662
466797776
777770387
1610980146
481839978
135428882
1907499535
2036708318
654445271
838454512
79925586
2084139800
530663428
861022409
1324578025
704551555
656971307
1022441279
803865448
516344350
1472018315
1301253639
900848215
810973954
913630566
1584613226
960087793
1611861787
1620549828
775050853
383971456
460657843
1241848629
1161741843
2071637989
1723688607
1297170726
1831653876
1612913277
1951615997
522624741
1692838864
1888272149
1053288169
406377625
1065366526
1757839725
1063348932
2087807805
414221525
1579693282
1412342472
1715475165
333057850
75832779
481622083
1917671076
1035920572
2093483870
1390737256
1810971425
329971678
1851395099
905336406
1491713522
1775549440
481541366
641400600
1459719669
2094454643
445532949
1982344410
1639809859
186321451
888148931
2046187484
1251687977
498505008
962052768
1192012135
912726534
394262403
456870959
480718051
727320253
532703738
962340134
497507681
1568624310
908340356
1888244937
1232112087
1238312035
1592156389
2137448494
582541909
1220222181
471506212
1223942509
532458202
418477207
1669475458
367318964
2058287067
1855796909
1255467896
1956990903
960001239
1753972904
771560024
4529726
519215790
1165822427
461400685
999933841
1893142680
994104424
1962273975
243166713
415245086
723130684
2131411650
1647357174
1961442719
1576084391
1637322020
396500980
648822925
2108828232
1620443489
1181281127
379821791
1142435299
1548600092
290625210
850748561
656584340
100132466
1810749800
263073596
871692490
1815279526
782289387
2037514917
129196563
1782223228
1783173949
1123300987
1597013556
2026340662
1538546074
172660592
2010268664
1038419600
2134103311
1438869408
528257972
383120643
2087692333
489602556
2003564132
1121489812
869424347
998515783
522606256
1160049558
1849264344
1179190596
1260182024
1512530496
1442264193
2131874514
1180326374
77069932
2021905783
1309522938
1859293160
1657596084
285340277
1308823068
1536453098
1823886351
1481483660
1399238114
714822303
1468103323
690623874
1243080275
1851223966
630832559
1732682831
1707304450
1752322372
454623531
558336586
127444980
1614673089
260117282
1306635577
727371465
1772647779
601416122
711762331
805490505
678486054
586184466
2115013443
390295566
96296902
252870073
1699118635
1632750000
2076756424
1033118647
884504466
644095080
353738323
1575128341
1887175355
57478641
58477252
1472374539
1764783092
1810799624
1926998070
175636030
1938244605
1394187511
435753312
1097396534
2121558976
60917443
1698812656
685837659
866407949
229815062
1272022125
833937744
620110628
1368319027
1086807817
171745615
853585379
1016080594
1204864263
1738089845
1660175674
1558602586
1165734538
1399867381
1616081227
1224211791
724758272
1233380671
887527767
504272694
1409016701
678288724
1898460205
1844770014
1775685258
1872535533
1905687457
1327014266
410889544
624611758
1556829328
1682911669
1458549503
29456309
903747048
397873672
201201924
1757332427
1413954266
1406066187
1347938625
926646292
817185125
366189515
179030026
285782705
1590401306
903788298
1519163376
330445426
1408060993
780696430
1008734150
1159037550
477982796
636935761
884089436
236186605
1963950027
1294978980
860798364
1373295708
830407002
171864219
1402752017
1734154050
569737891
1603953941
1344002830
1983692158
862536481
544457807
762854802
1679721606
910647322
941884828
1965504311
353564981
1845673127
1337184040
684010407
1106250472
2117880470
1692744557
117804374
448379618
182196670
1001893810
684566223
2146146698
149389143
1545364587
1371958758
979796145
1717228806
627227127
566466547
139483050
83697420
1910469377
2123175208
946233901
307443536
738546362
478471860
1218090859
1680431191
296492523
1571655840
1378620670
1633676563
108182599
337387494
1604073385
1800927156
455191868
2052453003
1983123827
1457085679
589535579
1981786877
1606474822
2134900166
1206261987
438787319
1704645325
1833489114
1005253866
1844128375
1917186534
768239596
1819819935
715936788
1075683132
410882649
1194408648
146290343
2091313840
1490901171
1717946183
1322450862
977094087
1826128782
1659838356
433683824
1479572291
2115030225
338653180
1315212470
1424632256
928188759
1149515699
883623430
915605277
208294038
1322410749
472766954
2041783152
180180967
169411681
1811486038
948420563
1989231616
379939178
2024103696
252630618
1574347826
22910391
196460810
917765350
1740856575
1518911673
1894859437
1419501709
1031266381
181059613
751590352
998812958
519712793
2066802822
275961566
1447901552
1068834873
1159584996
216023182
1277128911
334512097
688790136
1171428415
514693065
858201818
835430806
1463113628
699949786
1215369984
1339733676
952580404
642234163
1362644068
1149041215
1559999513
956016995
520469240
1307375302
228035056
1551735621
1488434915
979625409
403064932
2008147709
898944583
679026498
1308565613
1967779457
1838611495
1524588795
1097424720
25639944
65895284
121369488
540333009
924097102
956800294
2003446638
1624046888
24686630
1195696666
429143645
666920793
410857086
1578184860
79436658
1366874081
2098654100
1386811960
1594909138
1502906073
727763228
427050899
1905971005
588427289
1325995482
437513856