1896992902
1146291291
128641703
1274098050
96232364
154281647
1339993334
217601852
694614657
116606788
1174402146
550577647
1740653676
1199088776
1746274313
22313673
1866009570
9647752
1600498533
1945446228
1376521833
1551668985
1184774541
823947323
907091411
1912537769
1250998222
665578768
353481410
429510057
1103092624
102990664
1575801348
1231734327
1377088714
1672033712
1386015975
569598400
1889635564
2080630632
686205188
916554062
483724631
279375217
2115642839
82515296
301688890
1834168761
92163048
1902187424
1632131341
1468684882
1306372761
669422234
145148557
65980524
434476355
1396146780
731559293
787957765
1825656837
1834651917
890948430
1253974537
918902597
120553496
778524602
157434924
690151897
520676518
90581908
1376357085
1437230581
574306539
1655732302
1405389772
656821835
1957421193
1092074885
748984884
1712124969
576722578
70186118
871014082
1246144813
215334675
936994607
1680621168
1611481455
1668553900
321095286
1289654644
1355722169
1212043716
396145534
127141118
1332597212
1174670136
284576042
2022749109
1695346654
375157950
1251622547
985093587
949464489
759871201
242999711
1606286325
569808746
1335074596
207787561
134450067
1911797175
277973679
1005464150
1010458340
493308354
1942458757
543595860
2104789810
1463529009
864691146
1246960806
671767530
2076734862
1643106340
798908649
1261848427
670292828
1083484691
1137113888
218155835
1458642642
241252787
1203249422
260623483
1001123989
1446249134
1866909808
1570932735
633840082
2074697369
1705382803
398153609
205187400
563363305
1408611949
698495755
358338414
1952207810
655801917
1821867423
669415308
1902762723
346151305
598666523
1398385416
1145059954
1860514950
2068678244
81060998
850145190
139350431
1539703640
1091397978
1342599854
1800327123
2092521967
641365340
1519753284
1515971054
1275205422
1446967005
1073870209
1673359032
1652154406
1637233514
934487333
203166513
1995571928
739211495
858968430
1669955703
1408626804
614247505
2016107009
2007293327
2012632921
1013683315
1720324629
1933827518
1094744313
422986171
2073177949
486964305
1514384149
1268294155
139807781
1459422468
1909659495
1659561065
827909875
1037381270
959044422
1901780084
563256654
463715180
1391529951
1497743987
666881693
1239618231
89471835
1525850123
762090287
1498098639
2140097629
630713648
1357908318
2005246902
1644396963
930749299
1791590772
591657629
1353735470
1717285074
1078621934
720635972
838095581
1218429715
32574792
600271429
730507132
860484667
1637652699
1689551555
614781104
53425705
5783087
2006311055
1551169692
672664781
1098445638
1640641527
51031256
1860535925
991256518
43645237
343765925
201681188
2048892140
1988162889
1132430487
1692999264
432336870
338682310
1262800690
1510958804
1059318282
2100896272
581904872
1091893074
553684053
1312412004
1952377742
43853104
854479911
419675198
97278809
860262999
278502605
1648448501
1532927780
1376948243
1141606381
1583959036
1090000521
2132862899
1627604274
1433766446
187060440
1529012766
1274445687
1319490927
1074528382
1706782557
1658173237
189845425
1070257714
570007871
143258049
1652162586
1661900946
696942102
817090942
1466795040
740795206
1671570854
1886470238
838074015
384350205
17489195
339038868
1917277985
1394437438
1480645249
1353753373
336954311
1466024501
833873999
1770720758
1653084941
215403117
897682797
825092220
1289931500
456981707
335781810
1479776925
1527239421
905789681
1623034974
1031918359
420206979
172493428
1849009301
1887002019
913288634
1373096507
1625988609
1751362649
1757446712
1643477804
2090401517
1527241049
890431595
1423563119
733510775
1227385906
742103972
1567384774
850623016
247705265
1782787892
1748305814
1072797485
925235744
57803873
1408579295
257529021
1585043294
166885329
1880563995
469478005
587092308
2053057423
171003658
326610680
818862409
1544100166
1952599289
422741410
1154063230
1448593446
365659279
533820632
191541393
1789222398
1267331407
1418927299
383842722
687232533
122066668
631547987
322536777
1870372482
1704345473
1247772521
1928176355
965441120
1505301542
1365736001
1132326449
1238381889
1835214006
1719418758
1143955664
2006217664
2046029438
1962818073
1402834182
1851145079
238075835
409413765
1152254877
603735115
943234397
1343796270
245473865
63082156
615239922
629316588
750314689
737306590
1260864575
1072851467
460195424
817726400
173140340
240888131
1783167521
1678441883
1606624132
768010322
769340124
1294354490
339945432
1913295789
1153088506
238491222
1728630214
408439041
2089636302
1966706050
817852806
1094407531
422957517
1761087203
290720154
668431382
1824169359
905960076
1297747970
427000400
1643266666
411128898
1499851867
2103462090
1228855298
1672992208
196866573
864539171
1203950443
1803490705
1632549494
1973290567
950361547
1972494926
1739102708
2103450053
63502501
1320249275
364405446
5655155
1139471677
1182258252
1100062686
1562429194
795861807
1390782840
83376928
472547518
149259268
1381124899
899547919
1792525934
1792253797
251916138
1748504376
873625447
1924908346
1945370949
1738164619
981375141
1601378006
1223230465
807182061
404255905
1048241743
398801121
360222311
1111744244
1719050396
724627757
1117399399
711038425
1906886010
69978438
125983971
555264169
1460761278
209360900
1027811688
1610020547
1590485799
1927359607
1255062833
1235255948
31792097
856083562
2108881395
1956700444
653970863
1699562366
790591937
107865222
775309183
1597773998
512121127
1823550927
1996575120
872343438
787811523
1568141868
1596971196
1905210923
131696646
1356373558
1975189361
257680617
1911637727
1288466991
467041517
791965767
751003890
2057527316
571841726
2006066724
1145299616
603633824
714666638
1106697364
412850620
1368637501
658776082
1203442557
1476502723
1434085266
653732908
1988623851
1110152545
502824380
713483641
1897964068
2070966248
162971189
1655691343
55179246
1519344747
1483397056
312859864
1283498827
624380400
779901381
2075464594
1375384290
689945050
499822673
1233967366
1835244666
1103456497
1948634004
794458382
1516307117
1169787858
1453234465
572266026
498806933
739836083
1225998934
339947136
1849988628
1728823314
1053430778
1600469048
1652305915
1216401967
1108676744
1707485161
588263067
444590152
2020345025
1871761894
1068970552
652762759
1799742840
296871195
1342707809
152081865
1530838561
1030468827
1255538362
1331988918
1824927210
624361831
354293128
1130678027
1196627858
853100061
1870514110
275143144
1193047198
1573019090
2003966459
98994328
1026004490
1508788726
1315396295
2134681234
1068790239
1903659362
431787739
941651617
1627937608
1500758291
1594414376
1280196801
1797629486
789638537
1432278666
1180984400
1820107364
540333381
365489670
1497550926
1164695212
719782798
480745305
213839422
1572882859
203775767
488982567
618446409
1776794857
345465378
717440737
655315700
1854254104
2032837033
642513286
775560695
1789012747
1074301025
1717212312
1269466708
427575669
1164143040
402179861
77721507
1953781577
1834458527
1258705907
1626405294
227308260
1624195577
976472572
1392003473
196494727
1457217878
1605842895
1769377587
1660993645
2094825462
240340348
1290304855
292807192
957781086
1945620555
2147061296
843134471
440650193
775138344
484663570
1514951219
344867008
1754130278
1942526888
1509010049
8826491
2020248395
1315307978
1843285019
1131470655
794229624
2070593279
608182584
1770702197
1315113104
804677312
1080436427
773472352
426571251
593946424
720814166
666911599
1884251279
1013621359
1624692685
1682388186
1013199007
320343508
2123038380
1788337351
805007079
1490505951
2133204360
411653709
1285549191
1494730761
420480201
1158313938
662555091
116281572
142300945
1456784716
39391203
750483530
1080003265
1354504308
1555160842
12956044
2127976660
1981732093
606902468
701307178
501160044
343670100
1714928537
2125852730
2026058286
580643897
298712590
2001613018
221497600
1103719669
1344635321
207218312
1515373379
482700864
1701949073
1935853580
1641014803
217020517
2052135152
1783315748
1673805233
2091526355
386315630
606324850
1298547015
1941476472
619280894
1279040027
1775724917
1226183362
1980347206
129401314
1569853462
1547792095
107770396
1448428101
2128435992
406482986
1302557471
202449945
1510202656
499709145
409668257
878092387
982410009
2111617331
666462319
475941164
181154200
571113823
111773265
1854959433
515156530
498088895
313800635
1813703546
292081720
933081529
945259925
2067806637
11781243
778123483
49724303
1581634706
178431931
157494699
882579159
159384275
563977686
37652982
361834220
2074180342
537362127
771502478
804789081
1519772137
735636161
1471251400
1995713301
916790361
2042365223
2107486566
624266146
410038105
458091814
938066781
76258003
750173534
1871148310
1021517929
670496523
1882929553
1799641412
720220827
1317080611
1978073343
877715526
52176122
2137457619
1441693212
89829105
351808191
1368389906
627191232
1123310669
25695339
2146963369
1858946830
1496946739
1995193023
628253543
1391828314
1955195941
1252519689
1801866420
265804107
43102822
1878124423
1015977641
1914251132
752158704
1686474165
1649697038
404316469
259211344
819294001
234906164
1136926870
871470124
224880135
431136435
961299229
576688327
1799526341
1588490461
1699998996
1825221681
1587970183
1411462179
1174684772
1435679558
2039715722
419029439
1243391851
1144751764
73412211
1509195959
1187854586
1951536634
377689952
954622071
556211691
2064164117
456835461
960528160
175891813
1276129462
1195434324
1312818684
115938
1420314460
1743955119
961415167
1997002787
1395997812
402421981
1549518135
1073735845
1990392164
813496666
100936970
1278588074
705728741
519966409
374496277
1850480505
593378620
1883692236
890851443
397431606
113898541
1845473514
953643297
30579010
154825327
1914171457
206470824
1430954790
962122134
1519289508
1431070728
234952946
1115760979
245002248
84472085
364275143
647424229
1633990220
1438010989
490332745
300003239
1538947959
1768920819
1005731980
2058914368
2143417096
708728837
504809340
1879625685
1599580280
902240946
1993524226
1297570147
1855884244
2024103236
1452395474
1622572053
83090412
735866616
437210539
1602379920
19453697
672163485
570657251
264455945
756635570
934932395
911880174
243142143
225459736
1402212919
543145382
1764407695
1023650090
1548877362
1675838415
1019583538
110122551
33164107
751725575
1709702831
935405053
597766153
859789330
643805649
474385742
164701157
118894055
557476154
900567773
556104594
12372427
920021470
1228268080
583029678
1184477415
1984903650
1517962073
2096357589
80562145
1743421809
1351086860
623707527
1360345856
227253302
25101241
888700623
1246836841
135223792
921864730
1998562416
1844926624
1857269784
448844922
557232306
353591785
923230664
721933463
472485840
1480706818
1622501237
1028590435
1493079245
395039059
109374867
2076108924
1579516475
2094278517
1446587349
1528390416
27357015
1042525511
731993629
651064542
255387719
959246931
676165784
1144088343
58600124
811389576
2065953073
2057162541
508832552
1775739209
358523815
1066064859
2129330995
1281754479
1787998322
454333187
614977649
1263015911
1482923622
2108056895
1658054971
1592298489
2036682171
1090087798
1539093359
1335785872
470994566
1566450374
230827735
1202988195
70031268
486215455
14751479
746197052
1630303798
73351603
1557586629
1548773223
2130514144
2066419181
1177028785
341554311
985000392
1158876132
1623308790
625515067
1613209319
90802792
1888530978
948649294
51376039
1399102301
393464135
2088058210
341706451
1932557494
1276360434
812701018
1351524220
1507188170
2015689213
1421555489
1993403625
2030440692
20268893
1476223775
2103792296
1577855522
877513350
2086822792
1496791056
2054542135
280893456
334307800
1065934619
1904202246
959822867
531660291
1995005038
700870198
1480309585
2046381077
2099972499
1873773720
1986955639
294195303
1658847567
1115832426
1106896321
862888139
475536948
975101886
136959980
321456925
858058931
157228874
1797680700
814367579
1735084396
527710402
753706723
1084391804
434768890
1034600179
1418699605
1500703509
791318778
231038824
2032363800
638840168
931909022
1365189737
537737598
884397874
1091479810
377209589
1178593177
602843729
1493042015
138005850
1465731868
1968578963
1113107736
1602691849
142552240
1971166667
1759920723
1940232940
638050598
1347521471
320459695
1391757322
284429628
755228585
278873853
1703129233
108448446
1070192631
1934168057
2140812247
1709032800
718593432
1358518336
99286750
1602991306
302514498
476496339
634100835
905358227
1969538355
772106685
223606448
1790633670
1885214421
1826298297
1933185911
1708897441
1438735372
1725935203
199464391
638773195
2046394898
1591221713
923202823
654139835
1870095567
478848408
762588282
792804550
265532818
755916881
354353702
984126250
2114435217
453640452
439633908
269466068
930136792
1073734743
1174824295
752191499
1845841428
1398430743
395341521
1583572201
1077245392
181043784
1144985994
368497116
1906978988
1344450386
1007270312
1805890238
788188451
1930473135
312546426
510800370
261837896
1075134708
1303604921
527370714
1831051589
1657958623
1511496964
1798003158
2111599076
1951130872
2067469226
894252220
877381967
1094809874
1646443719
575739747
345756969
2041785240
11828300
1423002362
75345377
1156814295
1791499478
1982324365
353781033
651286142
1640730955
1141969484
434275630
1953277381
1652769855
696113526
880928441
808891128
1223484240
564496382
319366103
587497556
215015893
283481531
391144780
135001471
1177733751
1268526747
1229811345
676693822
1844266494
1575568315
570995415
1856094794
851087029
646340792
865425441
495102859
481181509
1219206474
1146389002
2121912464
213692311
1580664632
1927706198
1866462166
129294510
661150991
527869646
1352778750
1225647374
847235749
1940276306
1440663267
1130717281
183937438
1575664738
160967384
1452464185
657992436
837661207
1149247031
86077103
1408656622
857858177
937164132
2054997414
1723283619
1432266991
388695275
795006445
431172345
363124091
1008698756
2011836977
143346641
727677274
2141131487
804497633
1255546920
1346426589
2030145007
2102782670
1139219247
1323324626
1086016303
1323156685
751505716
1246983687
628137222
1409498152
2084644894
1777384253
1495575255
1345817868
487758783
285255739
1253331634
63558754
1717522731
1642026909
858565199
1211428
2005151001
1867263956
2013048406
1013994
447457582
2006696245
805511627
1703004503
1205639187
688172986
1658303525
197374786
2011497612
596836180
1520531472
615519681
1843819867
1185046
2025017833
1780981114
1778569300
1373109441
979315334
118844435
1658365180
85163321
182403189
1228404263
1727190230
1040968388
1229615692
1584857583
760748696
1095180450
1585871578
1208206279
954393047
243899557
763727134
12548586
932072544
274547011
209923373
796086508
871383191
1730454845
1411606189
567719410
1731639891
1289140375
201216876
1362725543
514766168
1180532211
1481569978
25647700
1265695532
1663973167
1254051964
845402114
557457908
336184008
282776050
1318206604
1431364458
1868647628
378929235
238273857
2112547185
1142656369
250822444
897136081
1417203380
460745817
1693222590
141102923
43717014
957345131
708822334
1775356905
99001858
910039210
990598801
613768026
2090571421
324685131
639415727
1208783305
1988658299
1893467691
2054185420
398632559
82168051
189477822
1716839163
1513532509
2058125450
2095768399
1751806366
2023188987
1090941120
2002628810
772841421
360660853
315890979
318580363
501763776
359607993
1275925494
1210586110
2134964899
1374927353
2120625321
978080052
1988695379
2063713094
1302765183
480627458
1125012752
1143939834
226611501
1031714524
1542572393
308779552
1221192346
1111927909
1822312061
1131834148
1060212660
1426634780
1007539487
3670132
1281779942
1780380908
364330985
1597670922
2098961271
866094762
1957278915
1227403118
2076680872
1944760166
454846823
2049822545
775356570
296058554
1966051992
2078121754
776686013
943581096
1074577940
1003297514
1975295620
469666686
1312077067
1049004318
1581594595
986905480
33354818
494323607
266056612
1040894305
497993739
1547836555
673791566
862324725
998023829
625269189
1728419487
807819096
1852672307
1657616711
605095615
160035482
1559955609
1380452185
456094037
1378523953
1311090291
1232780050
174621401
238184584
88593916
2433373
707851270
1400670983
1051437691
141962217
240092816
1084792509
636285824
506149428
2125686814
1134279563
2053985983
651994732
1996604288
904526164
1277263922
1577540127
1712345261
982452581
1087673191
169957228
1142488064
500145152
1550409413
1598582101
1878669105
714016057
683878503
2053290506
952200641
772472419
2055723879
1660051911
25659755
959677922
1802014128
265752571
2044470431
290816304
771901999
2022673597
1425095867
678404335
527184682
1274216508
1582930499
1804448604
704272987
1147792112
639417537
1791946178
1317749340
1781905601
144607682
720675106
1233004054
2023276787
1434691163
1916882557
1929083645
239408156
541871329
1837323876
1899460067
567531084
649518150
1553990547
833283655
546504933
1844806851
1605185654
421694883
1122419070
136106341
948879565
249151930
1719036841
605844521
953424918
719345305
1245262058
597887448
2037094646
879684012
742495131
610286104
2112688066
618288270
2044977267
1882086976
399888268
136901775
276474657
89728496
2036361842
844005741
739246647
1442868741
1677289396
1285751580
1140191944
1134991402
1707446463
115127366
1271097744
508842380
364279297
842650937
1114686901
1317704215
1561996242
212465312
1915591663
1451607240
1092149324
510603146
2061893344
1057353742
1128891417
1959386963
791957070
1528779685
2096288738
1068431727
1618508181
1985166932
1912437468
210271180
1280552025
1442243216
1496022761
273260321
429750971
1055985576
388387688
1700848715
1564827957
752666985
396016004
532031210
2070371200
1958012246
744496522
1838479215
1262135839
1836645846
201598714
1176545535
746515941
1330490131
988448851
1538473011
711786168
937253941
459421091
182810701
774937226
224374911
393081882
2055489251
1666618128
1889104643
181265925
2096369099
797606571
569653613
1649734166
214950880
1322320598
2045750170
746982091
1245208150
1856278768
1491478613
936203717
970930959
1180640812
1137802431
2147476495
1927156753
320808914
988441698
1318146116
1032595082
1925695639
1777567207
1215405784
553149217
2001942119
1608487666
461154821
1521076599
1350108661
642420746
1469962050
231584
1212074359
972212568
215182465
386911309
870479090
962164556
1632119459
579274210
306159521
420839528
1550205170
1486800333
1558641960
1550198017
1266473438
1879450874
391156067
437135907
764562309
169368058
67219466
1979968093
722517276
2069161585
1440972111
1183672097
1442754536
643597124
1826092843
765232938
643828708
890683554
1737445506
859011173
1277594863
460440948
1821175729
762230674
1039715159
2127335251
1183070202
442436681
1466651936
594228514
1992634698
585641727
326195741
236307117
1022777634
1090758050
405675175
1089997100
923242495
1128192451
1011675038
216730958
164380900
306945926
860328082
1990473743
1072178865
1504156790
733673649
662140723
215684316
2011268512
1122581672
2036860045
626015538
14813183
2016711648
1809085741
457249864
1335879937
255830607
302400914
1921521664
582026348
538708031
796815650
1672784398
944383206
1886812750
448543245
2072575658
751004140
665274203
89472910
1057950067
1525602285
2079946654
2130128932
882275428
666136655
644786007
1097959744
529921520
1767367679
987336141
1155937058
1782180862
856564142
817539151
91947078
44960431
1073369759
394347992
1966482095
1655396107
933056023
615814097
1180696858
1877439230
355143199
1629240103
1802531240
1106147340
147030659
1892004150
16613759
1672632944
1824467156
2146742691
407424724
343120164
644045050
1505384468
873041684
263929082
345236962
2028978742
2046109944
1201801104
699034246
2138057023
1246761535
1772404005
384921367
1065759982
1280316464
1317977391
1681574079
313529674
1047932973
2036717278
1942769778
702980565
995380970
2089800437
447501067
1011994729
1614949733
124484576
1011253772
2022374458
467604740
1655298823
1380275278
1340646424
1919227905
1725512240
1222141518
1817854201
779829696
1921175764
1808427576
2026591231
1546096121
45865296
944867565
678928938
1363842687
478957996
992458612
264292012
368191627
787744742
967272577
1363572597
730061531
1414773644
228083679
197527617
1539258220
1239337451
72418427
2006862960
747152626
1452693705
1200025736
518896883
1030722298
274683607
189267437
1810551994
48375723
1997695013
1689659578
1594471845
2043560309
487043495
125917135
1259919348
966001492
1118375747
1524211360
1334193119
1906120490
344000289
550282068
488698373
1758773934
778365747
686225990
1150548506
2017703199
758644417
1009927819
617372177
63854475
62469907
1136269061
1094576773
337153514
1325536498
757645119
385529238
1175747863
299821049
1980001083
1071824525
786864545
2105918218
184260225
1752866037
1076810317
1708471586
939575508
835447159
2052471875
1489857576
1324145533
1663762161
120739676
2010371523
666827020
2138442875
621532293
1676754839
608331404
685386768
1739224746
1744600465
1779963541
2076378261
922653315
390125012
314423851
2098401179
689946062
146941286
1022742056
1476810607
105375856
1207002281
1082192996
1182186173
767990219
2021768504
2017633333
672978447
1364142432
1194295218
189256960
1484882108
1057183093
856083980
1475841335
1678715386
385355171
2084172740
216618506
2124579918
1681289557
1996582047
2053474531
456459225
239223412
220414734
407376756
929169474
367356020
1430118812
258496433
472731876
489637445
1340689429
1654918049
1257627665
1214974285
1525067734
1930606112
431633069
571879304
2119863072
1916515178
1629062398
828463405
1244872865
1160294136
1213818576
1181561957
1376912643
1190914846
715367867
1226011042
1096905729
1171827092
1465234454
1317320463
1579203848
246920280
1684676483
861839012
505416713
9924711
1351476457
1846106142
1664842761
461620474
913596779
1042426847
244742938
1345229849
1614306152
217122363
1114261379
1095884902
1045585768
211650596
108695390
111920696
1393212554
1485608033
1302835543
2108580421
564135428
252257624
1132923865
2029369882
1569578088
564644065
128806515
1106770923
1426483077
634223228
1116695635
630475886
332845723
634054748
1092096361
1246442502
1676481595
1336839299
444188703
1143304099
1553961662
1558450082
91705353
452063782
1770100679
200400744
563984479
1015829585
1686008777
1866820022
976926358
102660557
2119077646
2109850223
2132030440
1541172086
527010640
113353307
500459362
1953493717
747576535
1617154997
436485955
1080422258
103726097
1528582316
179381113
1780207692
717937968
623569816
776028144
124415982
34536251
867733497
576479765
1804636930
1068134241
1140464244
672982867
606659371
859800618
1649909225
709319928
831394616
1612275800
693866720
225083055
2139286440
807220027
725542417
1945296509
1554796563
195213766
234298816
487735173
298939863
1762881133
667116286
2079147555
333335453
1290686103
707692051
457751435
1325222354
1575425549
1034231200
982375636
496076142
27211796
1655358503
1102735513
887012414
1157784080
1812055442
1718407031
622576232
358438514
1943490086
614379024
1165658542
521548855
412191885
572971457
716762621
646490701
1060706630
1015702484
261888186
1727822917
947366391
595223639
871025372
1655058443
1052975075
48764078
1083000344
2087206275
1031139714
1579076486
2114418072
539014569
534328352
853946838
1696798649
198900146
424870221
171891233
557338660
220876659
786270257
1722997202
742425514
1198462142
148485011
1459188135
1844952843
1209191642
327406971
2106841030
789530911
1274773363
554581021
1660556283
782348158
1607556096
1709320361
1865348502
1547278724
592976427
1296941340
1514213148
1131990996
1831269692
220676338
681305997
2030169838
645546560
853197230
440024851
866423219
1639467487
15538405
1608848734
690445981
164023417
920553221
387915176
1373215059
1247960193
347272558
15262322
375249908
901853580
1675818605
1157598066
361926028
1237655318
875462920
1909204752
1830631745
24920612
1275934252
815139093
1856190305
1496610591
1496445090
1738876495
2142157151
202158672
31417698
861096722
1841626159
46956104
322461808
384588492
210979521
1243015030
772503668
1584194580
343491575
1119776227
1599456902
718741483
2021629807
1127791859
1876339549
236072187
217963529
604318821
2145276940
2048595274
629239433
1273727544
716250719
337946090
622854487
65212161
2076822586
617527990
267370833
2108240284
1478624713
2108996992
7712740
1801086521
346101836
218692261
896617903
1118605504
1802886841
1240109478
90898083
1254860095
1958850961
2112527890
235168306
1687706862
201116430
453131835
144542035
198909722
354243461
773781469
1472637266
1070494180
1111727559
2095491754
1135706341
1041066497
565536096
1403077174
1001823134
2044160809
1364590518
1009535874
1697763683
1710692354
1228228136
446897938
681814211
883631329
1687007417
772712294
2138491425
1498374730
737756537
226176083
1038597945
938872967
679307919
1183139980
1137782689
1033551380
1956921449
462936307
2104045561
921165361
410944413
1092268254
1962231858
976480510
347861781
816571344
873157671
1712452299
1826107219
423437706
1275661006
906851707
870335645
1957475217
1790483036
409859414
582703863
1781490813
1908234144
1320460400
2007666897
799348441
111849719
539491168
1982488422
1249632408
1573042548
1791926223
1712568716
1529604461
565607936
2123513129
474389068
380356147
952509991
822250849
1196927491
1825667663
387219500
875551062
101621721
1662880506
1782402769
971957366
1472872075
1425402158
1381816780
2055575939
1059409323
1142567277
1228552691
919592572
1941915718
1340402411
1459083740
1776920492
442551171
884642641
1421363068
7636239
266763454
1986971004
2131149369
741152522
219843503
936175712
1563403371
1416770995
614359727
1950622872
144838409
715981449
1466019730
1927241179
1687938815
791408158
1205159689
922271948
699500449
117085364
2064839225
1928053140
1036677937
1859271295
1120971903
348278029
1488708140
1563523075
1232920670
762587560
1571159314
1499684125
602074916
1554825035
93352999
821918420
343517100
1656756371
91205767
957876827
1459895595
236044176
1673858276
778431677
15801707
1214313444
1569839835
1220961396
2136585392
121856636
1338046761
2053940969
2049909777
227241050
1765728616
1023398032
575519079
1106953108
439437459
1808439750
1869540668
2010596774
1160640227
324131937
1417938161
1253993226
1146050357
1761455261
763265949
1237256124
571848441
75677896
1473300300
98223069
854109574
1489102008
1312536513
276465761
562579756
1301638257
398322398
1900626517
1208095578
300748527
2127867567
826340547
1324146559
555902999
1933293655
1763584019
216859101
1655350676
1626697145
1377499328
1979482613
897151658
484008906
978049322
511123272
1247274856
67821798
1082971713
1322952752
1541122098
1181194782
29578678
882740458
346247648
306044440
1445320215
1647885905
704366838
1198463084
708497836
1005115365
1178847004
1534838383
181778276
1734750003
1320648390
1945362295
1951609104
828515418
1424575792
1181624784
660514383
174243803
1665633690
1638563705
685367075
765424898
1706385503
1768338788
2088377651
1100023954
802049922
2117956329
1982764412
1148297570
276517121
1280600979
648699828
980883959
331580416
1357197664
1985999324
1510427420
744552399
20293953
1097693775
2065200789
1965656248
901819231
746232560
1242748393
2083444015
1406746943
1416992196
1601594057
897827001
2102359271
219535308
456728856
1723214411
160429311
1556752810
377780685
130901992
1392033575
1526078256
407419114
525150906
27294436
1388303073
856731322
1384492100
1226818750
219675094
2129044499
1247112703
1317368869
2046761640
1065285303
71704452
645510552
160550048
7664819
2052257496
1577542244
1609258877
802600849
1532417867
1828794185
1259329705
1108148630
1989223496
668598868
1485929316
2120125488
2060632443
864523924
380060954
438299701
891818360
1768364028
1295031024
128826812
847699130
1514706118
110387663
2094811833
684591340
9665655
1012613488
756295792
655176208
1173163537
763960612
559950056
603222133
225735841
1362550905
2135640001
2054530026
474396962
1096304983
1896269874
1142995830
434750651
1868911714
1056144625
1299274575
101489021
1494444327
43609287
1869853049
641991703
172436099
570068531
9214173
282823762
517396716
693805513
292489418
1530010204
1450101306
947665626
555690093
66578270
1507615682
1158912227
292314111
722682939
1147068580
199360489
1197079901
95889915
2095630363
192592084
530640567
1817058429
1248736709
1829915142
1918547450
595697388
1873524430
1640916851
1237689091
2045960529
63501734
1246903265
181300644
580898450
1940708778
473790062
2110908655
1243326436
1421455688
519115100
1309904706
781587722
1678027327
1602218817
1504270661
677612259
1801579306
553866914
773502175
1749726021
746458998
1304142742
1419300803
1995195708
986574236
1190364605
443409448
712615018
683797809
1681098540
611091900
747299543
780518157
792392544
1328197994
573743287
1266182606
1291623001
1817069724
540154646
1810738101
979490782
1321742368
1341281781
434225952
678529381
2018894040
88321610
1232396295
644912567
1838047632
1978855294
1949055309
1109864787
1826567354
788145898
152745744
122493154
1500760916
836543553
1803591694
2111852816
1583843097
436626203
756761712
764557443
1010369491
2022944318
2056180444
679955567
415615316
1719434897
1659446349
1737357684
913233030
2093672301
268403417
784643423
34510264
1500799713
1429555990
1872557896
1332171359
1231127652
834939035
1011255065
2019273550
987684779
1133748219
1372550818
1824228333
789856266
1336919987
1260587782
1226482469
2093681699
2025145225
89368312
1969142370
1933842021
769323879
237274038
1505793270
281286581
1974631723
271542653
227475234
95551492
1056186076
261985498
1596351205
338258418
2134543394
781038916
1569386070
821998781
1792293981
1441175972
1809683561
778558553
666243143
1486428246
1568414819
2003163130
599532380
647413640
1949361181
477193957
736781953
1771019903
263552330
1506105832
2008293942
1769345600
1787392413
1835442017
2040888253
2014867648
1930993509
949590681
129369498
1379861067
1287849100
116429245
13416335
709751522
938428026
1805710317
3443847
600627939
436785222
669686990
2087056185
2005200041
525366472
539104917
505130033
327244005
1016298874
1241911986
2098263909
1279851204
600534171
1959074203
901713157
240442936
1647032572
795117762
107826936
1430542433
1744708444
237196435
662919852
885073896
353625680
676336188
1594825418
1292053706
334562857
1598269265
1892681646
771348079
120472607
1832254183
629064472
645839079
223875453
1134194505
973083085
1240174327
228622844
923863346
372541884
829157015
735453901
1274255041
1069599951
235002825
2069372803
1177426888
1665545258
1666597599
1414623323
180981463
404187847
1768249003
857317651
1999013266
912819061
1191880508
1449798883
658017059
1963228587
1570271491
342787595
444809411
68626922
566663048
1579003916
1041710007
1806837375
1807626760
1965573353
31895611
489300127
553543606
1306150652
1558900079
788546431
1228039808
588843319
306608042
747153759
2003466642
487589505
1151341607
1624231997
1344907156
1002871225
389567410
389304016
305186460
1047584470
205048955
1875457951
1390372065
649858366
1944084874
1957035113
81378634
838311233
1616388840
1889005395
656400939
1648284452
230821874
1209944545
806951456
1789721953
1998490977
2034991264
231081624
157615371
634661376
87064618
645204876
1786002983
1711296615
1990112032
641390560
2100864026
231932400
946577020
1000964848
436981355
674551324
243853265
1086839721
471152550
53404730
1168218355
1309463783
1669793570
909740102
1965864722
1170594374
1140561977
1028325620
1977545831
782800282
879332949
1865053447
1013881907
1036948320
352231175
1100946525
1682153196
2138234158
664759493
1524781580
632141070
618139871
1756713980
1578718091
1619104719
46211687
105785767
1862957984
1133051408
576938317
1916362714
153786115
1886402100
1438672636
1063526218
1704783175
461783363
56604547
585625147
291845546
839404829
1464958096
9415345
1853286736
354422768
361646521
806749614
2036575964
352397031
1471509107
1413873896
984538102
2089648978
1023104228
415772545
1561270049
1069315915
521558312
1276744385
54883675
1098496629
1045623451
208669790
837415081
336812439
1272196008
394714608
798595802
1328800555
980339755
1090441348
20721737
297814203
1099856694
1874008473
652236971
1461503215
533274439
541329287
1813900246
2004783546
1955203183
650954700
1946948876
830823763
1066727245
1360735277
1900139678
1588285557
489996014
1955023353
539298538
1535619465
16209496
1376713620
1872431905
1288405504
1771428228
523544059
469722412
604284336
1613985408
490444149
902098539
566358454
216968974
1554335511
2027861669
750243414
2095664798
1694278267
607543312
1903384334
197749320
407008541
586724449
1264476565
1767743818
339380480
705278475
110256185
146920185
1244577013
1645875650
163129681
473806985
1370823907
1451535186
97751566
1894367967
1921257598
702035902
1360869727
264218099
1604134441
1927228181
481187073
1010986304
1807606202
1231430487
959167455
1354400821
1838973800
715068141
1552150141
98498693
1301792590
669143059
1866242511
1641173070
1374421534
1976498696
1788093256
471514899
1474890699
1951222937
945321885
698230958
1255274475
1043073451
445115277
1029048425
1745109353
1805985004
1293266524
1201760146
1585729537
1774453598
65262803
1245852091
858400437
1024430258
452769265
549890589
1739498399
2004919406
648389282
893807341
526578817
367148146
387496764
1901000351
196163194
28106372
225031603
1671053893
1979329309
1170353488
221801204
1087120137
65943291
666916481
2116168562
1811052644
325417838
1261951439
865329142
1911147375
888921389
930591945
1009515819
1747321826
1955022203
1462285084
149728768
1547036954
1319720842
798118050
293360648
1846299660
1165266196
680857412
1599816363
1361429391
708963784
1824847966
884999636
540809445
847717806
1106800840
1627929582
913661097
1773717322
1596614497
577230093
2099135160
711082288
1442559236
1862798887
1600003677
225667533
724831058
1199841855
33206089
39632494
1349570623
1580243043
1359353337
205026
1873603691
1058169349
1165471222
406977455
510502064
379416965
1115941239
187866383
1264416602
1656750685
1035584189
223733794
1137196619
1949245287
1997451116
586327468
378991732
1949102628
1297409756
1821550968
1664417868
749929785
2047218502
241765278
1949771641
2080424591
281397773
1151858616
1513183986
1640751110
1152063642
1239304030
551436811
170051217
1646281485
1061938875
549468182
614739077
1249805258
1813884784
124006114
137905800
2037618579
1261202733
2087151087
1887586047
1847530202
318659171
1689205028
997456310
2140210140
1206139248
1747386096
2039944994
1447904526
1549674089
1972885937
1729302299
554049057
1338586275
1222569761
1706112700
430406657
1774006572
1876163917
2076688143
688461800
278148451
543943572
1938267058
2092033236
667949686
2076172858
1982168167
1929152419
2015840297
1722270566
1629198973
187015821
1263991946
479171636
179742313
322647546
79074084
72203659
1770552073
1628748173
2045089596
1352370724
35313582
1236192223
427456838
1741426282
1666598881
53979762
1470106551
1595803376
742441562
1748255003
2139746948
533224973
1692804591
660212986
461914183
1527489110
441881757
330270833
1102276028
2071080731
517286654
218784327
402768719
697028967
541431873
481842803
769232626
164500298
2110590976
666838574
1516871023
2145904558
1903030797
1944327861
1739847193
1422146030
1998307623
1062470096
870465758
593265538
663241451
862729058
1126490511
208562394
1522942044
1588404694
1736051504
1964823802
1918675527
690843885
1888420885
288478533
909628212
143705956
985507500
1451060085
625548759
1754740126
1615560384
588656087
274095052
984947759
587076997
29642202
781791972
179440542
1451788232
632615947
1241910639
174770343
1225881485
1905152090
1037499401
204888348
2113714485
412957798
1793293043
1702282341
230297952
1564484922
245642578
2118718837
1852963456
1155270790
114941145
690987308
458847228
740489904
298243787
2074407612
1329145991
572338839
911871723
1916222988
601981041
1693663695
2095663531
2053769274
178795994
1190090522
81055969
1404677480
947758964
1118555370
1609565828
913989801
1531513168
1255375223
468788495
1761811120
672376498
714431073
1733046309
377856306
1869701864
1847987454
1068843614
181065444
440993710
1367087401
107989408
1770139701
1939426241
1019861131
1538879042
393923634
566041178
1487058925
300209260
744837172
529665799
381265229
2031004
1477424763
1499820600
1611596833
243930917
883850120
719488408
712719412
498177593
1391864906
1427150485
83740254
1769721212
1149368701
1931727709
691081179
1330434145
225237771
2058168580
1438423553
1995377473
1850111173
310801036
1386772867
96551160
876842214
726348144
396760420
1621679387
1256013943
778025650
1623710391
585955058
130362602
1087823576
829885975
1014212722
1807311985
1542605387
1512390315
1051693243
822272225
1596130570
673930808
1971640926
1380374631
1365011987
1154591424
1605612402
1275696919
445531329
1453506227
978324445
756332366
692795446
1074875605
1633174580
1419143590
1471636025
1107370319
527673885
102178027
583597063
1113628944
232540629
1671420639
1943514919
1246753352
1331248976
1338636659
611660019
235458572
13425236
60306941
909389380
1985066162
1440681572
126917719
992173938
898810327
1402614638
1437705268
204832906
233455435
46553986
897628353
1308331040
1679728566
169288295
632483418
639615238
696962181
734661445
1223212301
1810591125
967202075
747149292
1606622396
66471779
2078398269
797775407
678131798
166373193
811200643
738438740
1075762573
648783158
31636664
1202680292
1640957096
930446991
457811282
931178716
1135279898
691266718
977732702
2032908251
1999597758
509977621
54712898
484597528
1149592859
751675079
1219258974
225321512
414782556
38977401
972470804
2021404953
105449180
903385425
671696712
783580978
1069758618
1482897356
1522019718
2145521191
2131680514
1553656383
1200717835
1625153962
336619726
1658529118
408849031
1471899624
202312188
1386581733
1357324227
54426298
1896559354
1412037126
539023827
898668565
16228557
1758282801
1123990077
431011114
1797260202
2096460882
304932419
1902709382
852362659
976629131
538806712
1922121278
312042839
2060826431
1920158821
296239705
1466999166
973393009
1921393668
1803618892
484438479
182759051
1128034869
686750667
1569340784
337875448
741176965
1318416491
1749912574
1280200792
69601408
1766141132
890999945
1193591486
49668598
540776499
1142568720
354601017
296002233
1994931379
1331230148
834808946
1769569009
1643272988
748151729
1542244183
1939512693
67667247
368153544
1713422713
1871286139
852592023
1896181764
851837360
1539342690
1318038901
1189712809
133036007
488971744
792141735
1413236800
558573152
410799219
156753097
1752164638
460467817
697529597
747249710
815068834
993531830
594697442
2146298983
1828340776
216782803
1642088323
429008857
1759026986
1434117368
496676104
2127180530
1000056434
220478596
832288905
748754550
1072315956
224147947
2066793451
114545117
357183955
408281547
906686853
1770420755
966854700
1317486072
1927173852
571535690
1777953890
477219801
1318785401
445539076
1470751632
1913482843
444354411
1151608760
2130265646
2086442734
1580617618
1741808985
1373076455
2077293722
1721505867
225649241
150288670
406311125
974403791
1222604627
630459072
893713595
1337149744
987643027
1301995142
96352949
610580134
121366194
1413839022
390270339
692901885
1044309264
867490140
2011687286
1489848340
190758124
1777686481
1934202752
1342366885
1760468479
1873161838
775500855
1354793816
1098754645
705310929
928816036
1324403886
855599600
1335127161
151324030
2078204227
1965586233
1045037625
1267870323
805745613
199549119
1364223273
1416325747
320915314
630578647
1806596086
1013817199
1674887911
526602579
878020837
1017252603
717360703
508223670
803971707
2059727588
121208501
529649898
687744795
1476002318
1628404543
1393055725
257334706
805324782
101171677
1592461867
956648812
31892256
1410564452
2001686437
1299762579
68826417
53751908
516502204
1485152165
374667222
1147080851
1144264603
1388484421
674485114
1670867182
119021610
1691737718
240744238
627245280
348225777
152988178
748453782
877875675
840732974
76972452
358796571
86305051
334307158
1164121353
187476728
1926769025
2120770165
219368984
1189849829
1974972954
1519131563
1258676247
2028724862
2035633768
596344764
255908437
1035230971
1740609367
1644392858
1709716086
1263992902
1763414469
1253970156
1504737140
243176101
1602195933
1657725318
991629883
332587961
350974644
1068602335
691384532
437279695
1402909493
1855505885
624756423
1182194870
1828792402
844125407
224561052
1656281708
215773323
1483237299
1537522922
103923443
2079582063
1793431359
1139154414
1672707782
1290340570
701386852
789217036
906271391
1955357008
146470528
1149447492
1410069294
1804195847
2141077376
1742657255
7686843
1062196063
286558139
444966539
317621909
2142064024
1069722962
1499816779
1823372778
1913848370
1724377831
1332170838
2129621693
1060131482
722210112
86061488
992229897
368157824
1225215902
517454032
1658498394
1926602755
1306671068
417286137
1734476115
1453141597
1566733629
997061761
1109853796
1560327357
592235368
1117540639
475039773
878793507
1562507178
792661682
873373883
484746493
144994813
549263013
251111215
1869372645
1881433851
233249260
782020479
456160316
319310748
1774250377
824318140
1544526650
144220761
335332886
1323645757
1450891829
752619023
910638225
756549778
171869004
1907699986
1866403574
1732196362
352451707
836460566
59752487
1231245214
251484096
852414169
2104619098
736230589
997408982
506398463
987341804
719297979
240348667
1220591064
1501318459
696508983
1539901812
1128085188
1520827123
936944815
1272305949
1856160009
113106924
575714130
461295384
1023745149
1332263909
633164388
783961488
1051183835
217877102
1136413195
1887644401
277629589
220174761
2139128498
1130043758
177310211
727875439
2127452741
683708675
1715217244
699267072
924057342
788324660
53101883
1620566325
180742825
1181187071
993909800
1117687640
306009372
702586161
1230794564
881723503
1163881545
107056066
66503764
1797045933
891017554
1117687599
2014923036
2027430749
857848353
145068977
100121862
849493203
1275112736
277432074
1577368642
1255081829
961140749
1145102238
1954348901
1885198091
1933426899
2007450785
1358280768
2114169724
1041154208
204706920
1084373716
1347163581
907293081
167684632
81403436
2071174626
274740698
147907200
1720736911
1165758252
1265594799
1588176299
1045705353
2123443152
1733245277
1145827216
825452707
860874365
1423259290
255337702
2115956194
236916391
1400439940
1922821447
2122114482
1186383191
1782788584
1332911602
1153069267
676459145
1537618522
89959335
2023622726
297427955
257643968
2105026162
221118933
532384666
105449714
1941855844
1698142919
1371044513
1382548496
596364624
1347004018
968310125
1742191840
24973077
1829184490
1017967482
280310779
1797657036
1254883873
1680750720
1572994835
1229514707
719650263
1208299772
414942661
1872719531
1884758917
1952561183
1962678866
1760897995
102505490
72839186
1718440509
323624423
605223853
1823890223
117996620
155883124
1047451088
1500545116
752247748
246971458
321371593
346955941
271944536
3072435
1364923423
552255315
1800729471
472323649
85522387
1226240658
1701838356
805172651
287056782
2116781018
530408534
24332051
1921858553
345603752
1785230046
2024364044
418442939
1356186907
200504819
1023666792
1032593482
318501439
1179549916
2080044571
1819046555
1931797664
179532381
2140418148
131269957
451476917
2143490583
1496193381
1003732233
1796736406
1968517030
1089254620
875493417
1522871738
1894427271
1162550199
1492169108
277352157
1186882251
1266544014
622955910
824628649
1143424410
1041398849
33331909
1343929229
2065065641
1065925391
1662430669
1097131909
998486314
1333993576
881445925
1178018696
1326928077
1012715883
1629495613
1322935012
361425616
485744198
972187771
182458998
1574998819
1847681188
1705330736
1321942442
862747739
1050016197
1599294600
2049629990
169076563
74766862
726774992
1312500973
1116165711
760106901
508946554
1033747704
1826032292
23893575
2130879613
677034959
1357887152
864841890
1855053655
537331581
1877557773
1337065620
1860266593
91499741
1822809819
684970716
273958739
1250324990
385168256
1979289476
424783784
1247915996
881822025
2024078384
1150062338
1050898588
2098845246
1876837330
215915913
1067527309
489460583
724862467
2101275013
168009228
748756043
2084670978
845044187
2106643195
802029221
552614194
496491128
532103346
1889679814
209274073
623603088
1565005985
894244790
897561827
667847327
1279413046
729367655
1092631112
379845394
1611189680
969225848
1529907733
514604620
920587447
1259261415
730520533
1988114756
1748721999
1455383001
1941906122
1916731227
56655396
1879093452
614291766
15814943
533639025
1166905960
512306071
1065742372
909102126
721580144
1689345460
326624464
1615824934
439423639
994471791
747754333
1168791295
2087102903
1127599727
632497327
908845104
510023812
1147101948
1829432551
1769285228
1877622481
1670063659
1370523579
1185521834
1464486133
1139771158
1242177230
1196095938
1754062924
1257992173
1729734963
773485236
1770298244
647993687
1682587362
344394741
189855499
2009211826
1960219675
629279139
856199970
560490360
1798070434
795819225
1688090088
283084113
1704664329
50630252
1430186061
1386613232
1819915480
1160324895
909193244
1042955411
198363081
226195729
35242921
1440540312
1422291667
1789305845
551048837
1004542983
415307433
173863434
1652536670
2097894796
518258175
1842392170
1959622974
330994202
324187661
668339296
891484563
2122258095
1464158522
432091003
257858560
1021339203
482721255
1688044622
260468788
155153088
700885869
1169662032
1198108499
899248950
1395857761
1233351421
192305614
670665781
875173618
743354452
1675208764
1290481052
917217886
1180261786
1240892200
1435476061
875170308
1053031526
1766470263
1199357969
1721370823
510471178
1174132416
1038045697
942562181
1431990977
2059384900
1425283437
972551951
172370040
1580436525
1673437820
1342032072
631061376
425203122
590406186
1864412797
617508737
1261071967
592102768
1360863189
788797083
1882583820
130597427
1969058869
975992372
1566073488
696745530
2029023898
1185060103
1896103499
1602911073
1695531282
922752268
493473122
490609815
207259597
405374375
1915893252
1179811548
577744415
1348846129
705765720
1919776488
1979907506
1130968842
362699026
1696836655
1748477579
1623770993
141455775
961857120
265084428
2024039595
1092454547
86659649
852548319
511044387
783405179
734088570
1696104491
532025031
189515995
1244152125
1454777299
682989118
1734761940
1662036896
1088363493
1503171545
694364796
1666107908
704534026
1400130516
1438400748
536957884
383615710
1801099774
86310892
2132093290
1277387119
227766667
946466762
1542471547
104322615
2038921310
1629131197
956870934
402482049
265052728
1690959504
2098586540
797077759
1880475500
1195255017
104371410
415980970
782533310
1766408306
1504344463
138221207
313289454
1022968723
842755233
1713419970
313885824
1379713118
2097035681
2114985598
1466024010
2081645323
1244889070
1693790677
880628437
639876969
1798113292
772066099
121524518
607500579
1174548149
386577247
150976435
1125651041
1183655006
2031451935
173422411
1288026417
299949257
955955721
906951075
1804293720
1094176928
1220240530
679778796
1936932161
786176852
993664620
1169161631
735728885
961166570
487701993
669890560
58571992
34009023
1550518998
698448962
1832122315
175101449
819973480
292139246
1349649598
1206550727
443115682
327816992
242722086
327083969
501239403
1530748503
627033227
1457195124
290215930
283843299
403888404
1510456460
963622095
193336917
149149665
1957286715
1362498549
884878550
770969638
1850200542
1554769111
829541630
1884209565
957804461
1527990592
1568848233
1132905910
200480425
1860987479
335071861
1407031152
156619513
662888853
1649753238
483703483
1164128256
1033018093
1110736710
473839732
1323234024
1394580009
877728136
686206836
210718457
1071065053
835356501
20521524
286079954
1720235052
791491162
2136280497
1127520515
1621032793
1873006414
2085324976
1001539737
1294370999
1070747238
1202020162
1007874831
1405819099
461567667
1164494344
2068707952
2111320905
1648197827
1085352560
996855351
611450889
1559192292
172605727
2006030899
289436780
858812563
69265708
1360501834
1694169065
89787232
1646581788
1266920469
881278395
1635378637
246957336
354827540
1360901404
184798664
1356367277
507788755
1255545902
410903792
1515663586
513881354
872471459
532674283
435105658
836308716
33388462
1520458219
1833164067
644839352
932166863
2005769794
503386603
1221603644
717098710
572652311
434621830
263784127
662439543
2081203618
1530704596
1543717938
1569098608
1777661932
1898545478
782516364
1962460596
1107429108
1290305119
1070522850
1518332900
658485058
1584404204
243320711
1191159341
2019509863
1079629427
1224547803
1392484434
765309847
1869387155
177167649
623595993
225290110
1398771293
1340694703
797942421
1833393123
1604478830
1460381965
1767113094
987699778
856616255
1188728054
617878062
607678086
1971244418
432855010
1715107194
1114065889
1503377861
1085956446
1772550947
940298417
1329277157
816226640
812324632
261422936
2040774444
57325418
1026732783
1762677951
234493068
1650328777
1987968062
1633264361
843539832
638426835
1319173837
300535015
2098808800
938803283
1288234793
807941408
2127531337
1906112856
1415619494
1951292107
191484218
983243040
917874348
1694862079
2069199486
542941648
487676849
1250992995
1359168288
1300001481
1512415931
1252459084
1357326900
391665067
867653388
1591819968
2041993844
708137802
1077600681
738050028
1346564637
249290870
1038585043
1297889790
1188094153
179336189
2105831198
1168141842
2085449045
1373967044
971950301
129449615
209726436
1889824650
1824311695
131442274
285282650
164504896
1382435269
1644450938
1464506377
747367552
749426375
674349629
1139032619
1617079763
118685949
1033542815
177733917
1196286631
1771592844
1524298554
1445577501
662694239
674704696
486188007
842030428
633052246
1654329849
779995825
2007019290
478796503
909445441
69262078
221137505
586273488
200704352
506420155
750778384
1583139621
3387445
67801113
183023526
752813820
742150743
1322056145
222409935
860836692
208115313
400143852
2057123323
1979708157
1924442407
1355217177
494918748
451663455
1841405184
1336949177
1084715702
1348251385
2116945002
944251344
1827047888
878906795
1013513423
2048185393
1465180283
1214217775
407121900
68475019
649873749
410509346
136276133
832897275
1163323166
878426876
7469772
1385733102
1739263568
215585085
1785876954
1648903244
47809594
1562835713
856636773
542728343
2014499169
550558309
1879677520
951731223
1898809694
1849138874
1895982567
1578373935
580562022
762012342
1479075680
2045742305
1976230118
1886197581
2114217325
478620219
149223279
103009810
1311517494
1312546445
981436686
1318987266
550795899
573216606
1534572352
189189206
74636202
1582381946
1752024919
931272975
2125110289
1619040440
1481831284
1857304161
423288015
1233157331
1558959388
171786935
664047618
2139521410
933799277
2143123298
2037780067
762545747
1881837231
2004513744
1241165966
2031060510
2107523554
405199812
1196123308
941476592
1724187079
1746919207
1514693199
1111275783
1936108413
1589329401
546174081
1540649685
373118729
523800723
1012206477
1854950013
233621236
1435494493
940623696
1792580624
1607281428
1604671314
1784618386
393597057
1600310965
1674914806
1156142805
1334664548
1531944902
249825123
1218241411
1491984809
655024936
266881071
285977753
231728367
2013800278
1800670952
1343004150
1802425044
1242516706
1889178231
1195591081
1615635435
265495306
60313910
1323101800
499116543
1495808403
116241849
144213519
955606183
1720913163
1928831906
1349203241
1173740480
1456263064
357862398
360921381
840724318
607687521
1579162792
185225479
1262712457
1846043863
471203233
1494440824
1712360493
124390537
689961326
1367301889
1366907243
431655910
415409322
835059030
697151216
475723233
10677183
1196267759
1971531636
126919032
1340481279
779654172
1847832195
1121829537
2128857413
874089028
430608953
339236163
1235010409
1271333271
946923684
666689553
1456558751
62152494
365249768
1927761984
1556593318
2077610261
2052152521
99070997
1297428503
1271576117
530726907
1712837825
2106635147
1227878123
41077410
2117312330
276662235
2012609047
96747714
1617143514
644779571
1944579910
591489403
626153336
671185290
1022098356
965389499
1906195699
145947979
1912313183
425401604
1602506730
1974465677
790651372
1382785066
1383575348
720777985
1287453940
1482646345
2018206488
411546409
2013373252
1583560666
370697908
1093767727
1624638076
340526591
1370429962
1489763475
437274305
840089828
2134543046
234370567
1431579231
613212734
905555857
306193939
1578602233
664267908
452141919
1343431769
1089669512
2054648649
1170413798
1880320884
1289950068
406505498
453615222
429920360
1889151843
324338062
841466769
1755041447
1907898728
1212164677
701325527
1385053157
1552691268
2071755489
727332984
1989965574
764361670
714392383
76852493
48457253
1327605117
982408351
354651193
758723703
1646676259
806793112
2102155472
588862124
713958113
1125085622
321699360
2003908181
1531591121
775314582
286344893
1273259316
1099652645
1127811662
880817116
860067725
192492692
1582142643
97637234
1745183960
1506414484
824970219
1587665886
123292506
1539362602
1664518380
171749760
719484071
499443083
526400953
1478207774
2146119342
1333194065
1432879598
587497818
2047152178
410481573
909197179
1903576712
1942072694
1684511761
42437957
1067848362
636680758
1170249620
1948665478
1496748484
1362742312
1383324473
1594385718
960442624
742255310
271872289
400624863
865547816
1811234891
2065143243
1037297576
383235315
417102678
1563698529
1861443089
415738372
749408946
1146839040
1003236191
649077477
1557320613
1912433370
405170541
1351909659
1449461483
447608498
272274373
2086142242
1617858118
73456204
1435407078
833116782
1456780677
882309148
1793559407
51552339
1154181438
46700622
917100156
817932681
2111843865
1954397732
1201167996
381462895
1370612614
915127438
797201267
2120021560
2061966478
1800437458
621615389
1471803443
1565387180
1026785930
676229454
867365016
1474394429
948503827
806023610
944768899
1021960031
93947040
1777885682
331257061
976256188
1423961441
382809400
2130437626
1470662063
1299909556
800886660
1435022280
1106823641
2002054656
1816485175
329952607
769698446
466202794
302490519
684181276
119156605
924105909
8501071
1684543785
1950891839
684730525
404425153
1277802620
1633234353
1210448763
75087872
507710736
1304395803
1852973554
838967797
133168344
1129451347
1221777198
116122322
452629762
374203106
917008982
1887652042
1481026747
771579991
1556653569
1810979354
1541278437
2022856363
2113469874
77976066
2142012968
890092135
86477137
1679073106
693500326
771207663
2083498259
1971302947
256958368
1146463375
2046390819
764669104
303375530
1751880725
1603636902
436543874
733848424
677930452
552666197
1186478186
1052133558
1469675179
926646580
385676658
93771522
335816501
49172364
1635049960
211189216
15158590
1713026026
205718537
905250725
1799503163
1884791643
1598751052
423227178
1820806254
1422570351
680185546
819785981
1321477522
1444854651
1123161512
925874599
901007905
1559705386
1659723023
1578938357
2112371583
698717561
483588267
1434563115
1625364141
869264925
1528334637
1961180642
918437290
1015900949
24886210
933595880
581443327
230604747
1838846606
233462843
2115396390
1290114010
656690021
1788718997
565200713
1336875568
461021330
1886678235
634246571
1584182842
665069186
1535254476
996404581
177308561
966709185
961292516
876026122
1450297452
248371983
353906615
172078730
1776706621
167603609
1090516020
645123922
192489819
2024111900
1226567250
423094567
1715474858
1460030093
391007309
858105220
2116720114
32242658
1423305933
1306112034
493263989
1162500520
1940358605
2077446831
1827569706
1328129433
926367764
2004878267
147354970
1887660281
733420741
1597652423
2136032264
1087327356
1769731153
1765255237
1254930965
712763525
262895512
1447420785
589391777
1489462762
1870515352
157382988
802009207
114039013
1015488208
771245673
146281672
291310494
2077357708
639545661
1453811014
1870232665
569508844
1133897073
1050878451
1495876609
991291692
1198233421
1236053242
1724712434
648402196
1224601858
664556142
270649701
842373448
1919487108
983413226
1105268960
1219424245
1572805004
447248074
942455949
1730187992
1249257281
1056494962
598192552
2020502954
1202776634
889503046
1950377014
1842322295
195830413
1673126032
264347492
1329727486
576520835
1760224101
173535530
1774754256
848793695
1898247964
275672805
2073395553
415320459
546322506
768285353
187323919
1529735733
1873554313
1406748164
955057089
173318739
201720465
537761433
1422576020
1258215427
1135953985
1295595327
313508414
2025457032
1098488693
8347061
73803797
624131077
272694553
1403531283
1200651912
2032918654
1577066813
827922521
734228701
1327831130
1103595326
660140607
1743151589
1649917832
1428425960
1930475508
1032169917
1154496626
1189740024
1987227006
1327815365
1391460489
377504791
602907738
502192268
1513458777
1898503065
815700682
1391432161
849508110
824047744
1465235958
1473639188
1096742297
721283593
526807452
982177304
150866758
1354729973
1716406005
1478697888
310841651
229062964
1074365829
1960759484
1657488925
857357689
845445753
664501903
2047097713
685189112
1992317268
1291074554
1062693903
447741358
1793266823
428669032
198760775
461483857
1820101193
1048268886
1285531601
1137853503
374424426
234790251
1859137096
901231878
1216967555
2010003855
108478204
785889912
1341218095
419319855
1014952877
268100277
232595691
524958154
1125457966
1078041445
1189460057
1025072032
1763230557
1034293677
168662938
678440812
1482035036
1961929761
1107109845
1680795811
275929971
779727390
581581049
1561461572
1917580894
956005475
1796251823
1629234342
1857237354
865735730
1491754549
1965715558
1651625643
685488997
237551765
519094872
953589274
470147457
1044053026
2079047240
1548188902
86029435
956635624
1163935811
1120323112
1125298563
1842376623
454874500
939744676
802002820
2135670312
1215674647
1581730211
569767713
629652572
1351827457
1525773189
278420747
833578151
1235526895
1144156478
177849053
1053758805
648298473
863338050
1291310570
1167393345
1816927324
1761458027
63962723
1748490916
1162163281
149992158
557642893
178615444
1270315270
1682941456
2020992068
1725189771
475202484
675511240
1713376435
1690877132
109757803
135660500
173046056
1461585260
1661433689
451466803
147679764
749476936
1595623281
325528817
1803235741
96438106
1188866867
947062664
1263831451
858310543
561037043
1327794174
459317811
1723200325
1477786332
1016960704
1901815769
600617955
552418512
1775324189
178324078
1027620997
303351782
1891700513
571014481
413109585
2027361013
744060537
1874694846
1541311055
1195527340
2022374610
143304343
643666974
200419779
1946540085
740105080
1389286646
746119101
2003936532
100113541
1307156144
1184247058
559431352
882872821
514549743
1576392057
637204943
1115167698
2128810569
265045484
1293491776
1008947918
568397266
1037708641
1579962399
981506852
917586006
176539288
708718050
311413413
1372066629
583609012
454717757
2015733603
784028791
253774194
608355035
25831789
999893295
464807919
125945330
159565791
1649054978
685376682
1042438613
16121073
114285091
1679643556
1131288771
95612013
1944689040
277296899
1104559931
365602659
1315005540
537038683
1347109511
85107898
713577971
2055827561
396521312
2085644600
491952925
851239069
1953894555
1275981716
1105013263
414765943
1301813505
2104906558
879573862
1427758835
116988701
381145192
2113135517
1159427314
397266265
79936961
691587222
1528555036
175548974
488792615
1805851935
1280108905
854395274
973373827
1817147588
54021137
1058481726
383241912
2109848698
1455003038
321402864
454317975
158758459
127813772
1730299691
1263771722
542579715
884629548
1221194632
1422153577
164904735
1338183333
1803298770
130556604
350127000
53081387
210493565
1041714222
1581636424
386042539
1530506837
1240004711
1666151445
237418463
65894891
1335815385
291439600
1124376617
1719057297
253804650
431896007
2040460162
708122625
590654466
20790286
290938668
1854426188
563370001
1175568216
928137172
1985523578
1340472951
118836857
1641338700
1471029556
468963857
1694420088
1681523121
1510678080
1128572864
2067565661
893701269
221093927
1586233458
1131119733
286988818
774565195
1422559333
1411365435
346138845
1676363984
1843261442
239115359
237002961
286432260
259905645
527941630
2140858448
823275646
1703509846
921511972
661315576
896499150
1040348830
155170629
220045058
1509312687
1849590717
1901568179
872507119
830679933
1821650192
1766208389
1051773860
1260400002
749844474
1338762679
2034965198
24920159
602644466
233620395
1701284143
298422261
472735754
1938287105
584854521
732641399
318745087
578229322
1555917045
2022254933
1499741294
69748973
771270435
392606476
224919602
991315493
1901919164
2074510319
745400025
626942635
757706604
419566569
245667376
1809480465
1679966572
995511850
1000759496
1567448122
1020432010
1603403962
1801068517
574232505
1901826223
126320623
365035962
339197097
858962022
683781049
917426419
267395419
558552335
269684065
337144392
1329822770
662290542
562063995
173654616
416726058
489090666
919054641
1043668693
1246797271
1338621210
1289336070
908794088
871104134
137364272
1909553584
291068608
1157796282
1365473898
2092137125
1732028788
1119816474
70974100
2097064750
1459013571
929936122
633362152
228956342
1197331541
1191914487
498640407
1534475934
374253609
1160930949
2096539929
547908225
1577657007
438146947
1466962866
473842053
1684944218
658100429
1763178123
446254658
1529204563
1900542395
208324594
1820273172
910855030
1573798493
1764926649
495400170
546131319
1835900750
444981272
2005144890
618353224
1078343424
86617584
1815684766
122774263
585257991
1202677052
497027873
1746188941
1151733333
1044936098
1176362300
1589880280
364415317
1650204353
1127340851
1022515746
1265898828
1573595509
404236661
1018957576
1781920104
77026185
1929812606
1208234949
1841952835
277729128
1754366268
1530369937
722710400
1612027510
1239513
1801053825
1698645094
1816924279
1923828088
136419437
872117683
273372313
1882608378
2023851016
1318308412
911487031
1466247649
1682723729
414207736
446104852
557755827
1680106565
2019700361
961992488
551580493
1654136817
1039018674
333909451
714888118
733487861
611638579
321770738
116374150
1334348979
1933798248
117613663
987919156
1484959694
1934537943
764263597
1621379132
659171978
1037635910
1356503862
535539347
208460674
120507245
2001786996
1891184403
534714982
300408200
301456582
67337899
172624913
1263449071
618918392
1826761731
154984097
952827843
394166201
888471958
1564466422
715936940
1004846108
751331753
502251540
1122459771
1739250910
1987211235
909514066
356030859
1461106719
1568686045
1393666769
670126933
2104225392
1602127444
790634179
1958528740
1345828199
1325349161
111453292
1647284782
1392687060
284078205
763250205
2011605452
2110839936
918234302
816949647
357522490
1806706260
233932421
1073459430
664068720
985264174
1575710970
1786528491
577031436
1415438557
548558910
933062295
729061628
2117244955
179245417
1399188562
2073986699
1781372861
42339093
1885031791
979717412
1367688254
1996485083
479518546
612891666
133079640
1242768751
477013470
96435929
13519405
1293963117
453958419
1820225665
1527895538
1527417849
336810737
365676064
955645171
2123339229
942707501
223600081
524414491
1875769796
952661709
494175798
2055015213
204366623
420678849
1688904426
246705716
158226992
521138191
1614393970
7228427
1000656737
79801988
140308067
95941841
556815458
236743996
109461246
1850778575
690702415
1929686912
1231190465
70636616
119014001
1596866530
1026281788
94869582
392090383
1249881869
619284073
120376531
55059930
1113459871
27908097
259426554
1534138720
1716812523
506132270
1692365712
90467066
2120526241
1699594139
1091123804
52844581
1839902207
1187065645
609660040
2076646203
1296526891
312954967
619864971
1078730155
1544145433
690501587
1197744157
993528315
1716783375
1292613739
1385618698
819181596
1911897813
1505995229
874241527
877874036
1533903326
1133668081
264529109
1103232202
1639800351
1956894821
1193699268
1612842944
1509005313
137339424
1665687526
1201423872
1324405069
127863918
1130586427
473448313
440818885
1750451398
1552178468
1984964318
293469338
602438977
831008985
2010252713
1895052717
69144035
681950662
1659466882
1575139265
1556192189
389857270
961558943
542376622
654386379
2064791145
34693325
463797553
1111006766
1647536270
1972802866
1248346190
1165740148
1026743090
425267612
1293604066
9845869
898715925
1734422951
1760297268
303410745
1571903622
2053766606
905849723
255428959
1916535671
653418792
324572995
451002685
165402026
1899712260
2007194874
555259296
713787555
402087848
1209645676
631095053
436781174
1673443229
1742101819
2084317444
1498762447
842964361
1102573944
378021889
1268231973
248694362
387867758
19464250
1983117313
681378
322874996
1407537287
2054447984
1228724719
1662966247
1823500008
1882143511
1987539242
127019045
2047545537
1739767854
2134213920
455321185
306071761
388818120
1664966861
937166814
825599294
1190926442
531784985
762433090
542205241
1374749347
1865007034
920227130
495497672
2113701396
1308094889
514961923
1949335062
1308776267
837836919
1209388701
1215740604
2066561638
724871300
891756964
1801221501
564926894
1018776009
1701283390
157211100
1005506281
9120927
463282862
1394324402
1674087789
1400449676
72440048
717530583
1932234662
834873139
1259735825
1159500361
552396525
32479307
1654998033
518614274
1340574196
22476308
320465688
501866816
860313227
1529854389
1717607420
779391217
107242042
461880736
433129070
672168936
1480656745
2134412460
829380037
338679379
2143533388
1292662899
1733003781
1670137529
545628927
1805443829
240184464
330379941
492833320
1499920289
1489880302
1045229846
1532399597
997394688
1563844120
725490145
1019870996
1884309808
1227356961
1880184224
1266680549
797480733
512091793
1373922591
1259361469
945220864
2046091528
592534567
932149676
727987917
931213946
928199416
2020650816
516734079
450853297
418796095
174694260
691037762
749176037
667527581
43474403
91572691
1712757427
1575874000
1088967379
1129117899
153880498
2108838376
865944059
1381237459
1841538952
2132624608
31234545
206147097
1359063552
1290596014
1151367961
1257671432
1883130581
2083517638
1985659349
666860879
864233406
1858826517
1183594958
1315086704
130138964
1358289219
2006124466
879315001
2025816800
2049598869
970887693
1591090579
1477989222
2059855072
572724830
1631869720
2021209800
1438668889
865623531
1715265104
1423809849
896858076
1921412202
635389753
39970443
925296515
1893061185
1923101024
861330505
1731236886
442478256
1725563912
1442579755
1626073214
893166968
1572718720
836878785
751807786
304550073
715211937
653923007
1275437766
158818868
2131912229
1187809191
731543698
1616298301
1061535343
22728939
334438185
629316800
1446538789
1231296261
403245354
2081928542
1271266704
1328541869
1827506080
1046884081
42388727
1411259318
1489362337
1767952639
706355426
967951903
513635959
131590498
1804830689
1265443745
436140571
372558978
1919366752
1711578338
531377847
1903795334
751903881
1262921545
1372609987
1813439224
1285650485
1707048172
295272376
584705626
790860786
698517730
519150520
2062127490
2027059600
199172952
961527923
2069448327
1610432271
303406612
1689917318
169304049
1271358516
56069629
300894547
928705557
1321513374
737035118
1301264535
1093396478
301129808
1832642382
849708164
1053033689
948080280
74834504
718989266
86247117
1781882676
1014261642
670952743
425259814
1712779373
1190103263
339903657
1592355325
1389276216
1301431580
1514320004
852224839
1604838193
1056753674
1021528888
728713061
1112823303
1322423435
1657418618
286853029
2059458553
811199505
1380249507
213104714
496358240
82474024
1266138403
1444438520
157308528
1985127669
1530685637
1939191204
851905664
54154732
216967371
417201389
1244257995
556871028
2009556714
486050563
1858302608
1376393070
1338275402
1315657153
285663096
212320642
2044370214
1398486399
1534744077
1554305184
1685339428
1446718983
218021042
918105287
1659823697
714379282
1000579311
778478452
11334154
1157887839
616122474
1542019791
949595396
1468028138
1596174523
1166562767
1885229527
692948870
1723433795
1747302593
1178999434
1434252755
976212015
369791188
602426261
1261875111
582111831
499312827
512877862
2116855908
2053618012
50733642
1416091243
124155406
968838929
928431292
838534688
1969418241
1706909745
849868842
979822432
175548571
244404985
1929417828
1643576709
1840579508
948496947
1381322588
386044730
524447094
981141533
1565044164
1958699850
1957353548
1934835353
413642463
1071745011
369463536
912955290
1584622873
338835796
819089654
1635356515
1754927040
943245060
456711796
535874684
1781779748
278646389
95300781
484164942
1258468822
270849352
728569927
1040403002
1914426061
421665787
1988899950
1148265001
807710518
365863396
2129406534
225271034
177079598
1939276434
12622739
590722061
863537797
382086275
1503677352
300677022
720922072
175283358
1936033537
328365464
1118528419
245261686
864240148
752824519
523908075
959540930
1236989462
1782376897
1230390282
1965559389
675296252
997332696
239741529
516712554
2145597697
1047452047
882575950
2127520584
1272723081
1059655549
1919313370
1285345821
1650377610
635367520
1667432096
1006571314
936044542
240870520
1181854673
724594432
569235984
152899444
969856118
1433476133
905723963
1493764193
245533415
2142713425
1128657443
1475923697
1960789167
1803953695
325772745
53047048
173182601
323886795
1100499095
1055758551
303923731
225738528
2115414100
75753453
1511084349
1618308063
711120973
1031032798
477395729
1647165516
1271903318
1659250402
224276300
1841139303
1812149846
1194132418
1127131788
570390162
540412963
1372665203
565619939
1669070406
701105252
378925458
1325540453
1026877998
431972506
1498723054
1350764793
1532471601
406997958
1654688524
1758210130
374928410
1730441977
1121810831
1993236473
294079303
5359981
323148555
1941244819
1277263300
1982398957
18037471
970918955
1647065156
1212169889
2098050743
69971670
1752582852
1323232298
635591609
1274169611
2024337550
1014517068
452226416
903731900
1446489574
1950949471
107013045
831477528
210463781
1761701569
442204010
585392191
1344659899
1564014841
431145017
1638739202
1569374823
754293572
1432500373
699154475
589208881
1450537844
1670073430
88790389
515224085
1620640525
158762059
120323289
796389175
794353669
1394492900
673243077
1808870737
1846719317
1576974978
1107876663
1650185140
1683988023
1939354191
1860648921
1298205945
234074553
298557464
495382196
1798089395
729702481
2134121398
1219980570
1483996053
1419138123
1919135045
2073204935
722192319
1441724827
14511676
1237416404
914881704
173273736
1357739693
1711270879
967627405
604748946
237030308
629014494
303984615
1814005286
1736891157
1954169755
1350509662
1528761701
1667335028
501231959
1762836254
1965892492
996614155
1413442001
548111326
983251905
485938923
2032107379
254906380
257590320
1957828666
977098699
1699315147
1972340343
67031455
466713203
2145614079
1424771148
30500434
965757836
2029520094
267530743
1594772330
186021061
2081536029
1184179839
2140190816
1284562043
565457892
1660042196
1785794002
180810499
1478451041
634924509
1594252500
2026562367
1618176414
2080191424
1911186098
1873082794
190298096
1721531117
702697845
1889613244
1546387812
769729300
208842799
1544518243
47016801
239343234
362792431
2076536895
506873977
1957564761
115074309
440926358
994260952
107781477
1725488402
1559718845
1767823674
1363798756
1740529344
1098791067
1998723266
1187298196
977869786
1469416032
1120005972
741572236
1195015179
1310304069
315619705
1897713024
1052433665
1862007517
519958677
1261276464
1259042112
566975478
1500619698
1621834543
496028725
2007493675
1431915656
611103034
300936386
278692961
718884512
2026424788
1838411806
339224538
1242739896
1431457502
1438015605
1093979514
471272050
268401743
415911899
1591278023
1009973979
1610927078
754098444
1325593685
1361156454
1806532109
1040117554
1881115131
920324925
151676019
300606961
273460976
1773510562
796635687
133471003
1057942571
1407738721
434407389
1336635532
2126623233
313348529
1027563690
318364123
1556088426
311537544
1756379728
502584292
782809594
2024781471
918496191
226603969
887271803
381939621
980702413
65381840
1743096076
639750874
1105499394
1476727559
1560075800
1257175413
1777334521
1833536776
883202328
426486560
1967007779
1941144899
1834225281
253931521
1130296783
1813364867
567280050
10376825
2131728990
2123368476
321914369
1740625071
478469121
1104723963
1617922894
1396965312
1331327933
357711049
1778904934
164546698
423092889
1374517362
804297573
1528592284
703761273
216889725
638284049
333612146
2050426501
1521486377
760098706
1869950632
1315147628
446840340
2123882153
297960763
112721559
543678556
308337588
96966901
519563384
630251957
1837591972
998032505
1734975921
1308031219
247514170
918820206
1665742268
2026419104
1083366904
2088835158
1253452818
1887664477
1469943794
1957214091
2104554202
2108227843
143342590
2007497055
1482230573
903441296
1729964040
649894553
1350281636
1706362545
947855317
1463003195
102557453
1256192905
1559970097
622120838
1886444863
1250078421
1620153343
1473937136
410625992
1867667513
245273694
2076368261
1746602969
1328640598
2017719771
852572139
1068821428
1340179917
662302583
1025891982
1300924112
805645173
885905390
635671037
1709086469
468385782
1285565591
911884458
27264679
85937260
227404005
129822133
1342130165
1787374102
751942971
1081091380
889968876
224612666
407544868
1300594868
2092280180
652818562
1229479481
1691399501
1981459161
1099715604
396487993
902796941
292411873
1058790576
1928688923
1593335986
1864435749
667110665
81523375
1426038570
1135496447
1367088966
190439380
1162761127
1453026226
417843386
1292583260
647672744
57733840
2044526231
1728764124
947702716
121655249
2136308993
100813937
66451781
641643907
1330293418
1757851283
475619420
282525375
6855628
1378416361
574937248
1065646204
1159621637
20789586
782598305
1826732302
102312962
61153227
814745102
1469401928
251592608
1977506229
774944507
669435994
1122605841
1422617251
727169834
1019648424
1003897727
1674872551
1141303673
992723072
1775686488
1207755455
1634366980
958496258
818123090
2109986400
1241021633
824978718
1340919114
1815958882
1890624922
353057103
1836748468
525739579
32305757
1939061430
586892806
847050859
1260979711
838485414
677073440
2035924218
1507921408
1799679281