1311057821
87607595
671844057
167471900
1762480146
1813147731
1160194973
1390682986
873419538
647078305
201695596
1691542628
609581057
1442717230
369037698
1950500171
1111192464
112178972
156073626
800457284
637918551
188379384
592035067
1224811357
1035430243
1853014778
2063296772
1712503684
1741455348
1423734532
1364699317
905029521
1511342127
2036543375
1072501421
1126338625
1702207458
85212746
369537963
428143348
732291051
571233560
2119685976
1341872109
2013950790
341240026
1144888632
977659606
453418998
1300962259
1778116890
1091337549
1489341643
222668309
168665258
377288238
2075683087
84478382
2089791922
1669654787
1508212915
1307007592
427200660
872071394
1196067319
1499702082
1998410020
750791129
1584914828
220464335
1178934477
169722232
791697895
1151136805
1511594341
658165037
1492376831
508999325
1635824643
1945795829
1809961584
1266457886
889649730
1151819579
1489126195
1058314988
1529107818
1417325635
1142793371
1471416092
939496774
503522638
630940036
1366697435
1375594032
1827007355
718915869
1226520404
430314836
156347049
1446984740
1609249313
326069281
91198987
612902470
1837663622
749364025
2105279301
199179300
237705020
1903591482
2009140884
1504162906
645757564
1013476816
845805454
1704072553
395100986
115647441
699382276
1866517078
1055144215
1202904914
349973467
274358002
431015298
29497174
993273871
1657535703
459812011
1149620921
957036795
2069061324
1475690202
1048235782
534480147
1165870177
1797599807
492275800
1365049477
2035304828
248383635
1226706713
1391984086
894141199
92699881
90305892
450730104
487800867
205953333
1150112380
206834298
1261097549
205533646
556807765
1535455551
636548945
586304939
381245775
146601000
1046116950
1530866696
1103637795
967694627
859073250
4389929
1502174774
2024943427
1801989737
1994450574
1242509256
1689810917
95350561
321732322
934311355
989491761
414432203
1024617248
1440221865
902233071
1230570581
442850598
1109067369
344184482
648384244
1665875134
1879640034
1284933189
104696425
113402161
1431534189
1150813376
1644268857
387688336
2118508003
355858459
392078266
1473199129
233318239
46584355
1320166055
1475827495
1736395272
1415516617
1797559817
523222979
257524730
64508373
1547840227
1697746595
966741444
630927161
2140597193
2075808813
975111643
641497790
1594200299
707268029
1926430979
1698896724
820670190
1210481521
702226452
317455399
1598169857
673250807
673313859
1990248123
2146449936
906632098
2036832478
1319132344
234975945
1625744102
587165313
2032535763
1483434
844690043
2097044136
1549323661
394952990
916301932
32767174
388066536
844627097
1007878818
1029564326
291343748
1715146847
808511657
1990240472
388333390
2018993178
544983277
705788789
1469679388
1218234084
1379102648
1312443863
1217200373
138251098
1201792694
388849069
373227044
680053148
976014382
258279159
681536582
1820704425
207839647
83376596
68173767
1124141579
116143770
456240303
1968768676
1124022588
1485804629
112628776
691685788
146832639
2102869248
1080019178
18342169
500368877
1785807967
1488021557
1718602962
1017426968
652981773
788319687
1155678066
1854774467
1177168756
1528905110
387343967
5699490
1787184269
1068880550
1826403915
1995023916
1152257146
1894577682
971681847
1268400916
203334338
792966875
244939857
1689138967
905595651
936625645
1835971606
860981252
2016644823
1854313776
1361350129
1654969142
1194851685
932469443
524912462
1847833458
1720789130
1680590529
1555124277
750474238
1062011991
1942468245
756173728
701712613
863865147
435093995
549252881
2016122293
182188030
1520934729
1137039561
385522368
166417956
1381979418
2074661335
1072013608
171121415
1763149294
1932994860
40282590
1469979422
1146861341
1695251733
517347459
2079330785
72680547
217697270
1652636267
1753271076
1772821547
255626858
667799420
1567806144
1011800586
1369512033
284187643
1446894582
1918764914
152826288
1629082612
1292215995
1289865850
2014604980
1458633952
524361620
1941782667
383163912
695483036
1557448313
168675124
735765626
879944087
1315536465
283533711
1397291547
1247383602
356214259
1614988817
752536222
2109485335
1240326716
1008163080
629801107
660649213
2019963666
1999313140
944836856
1319374600
1770594407
1097663145
800973564
915326754
240045347
668094896
226477058
764406967
462393916
609640970
1459890003
2019842229
778316094
48171982
752302669
2093852560
331705693
2110568
1193752514
687919952
1617099385
1946288736
649921640
709942453
806968168
1279722747
1370591666
679448187
1131552240
167944875
1998822787
754662999
1265608020
652312704
1669989753
1505653367
1320407600
1896466812
122576686
1782801516
358624134
1582466690
1655160098
1136940229
1630638672
259979119
1083309141
1962344365
262089687
129578007
502780670
1879189072
2075866744
1152702310
441647877
735351264
284941409
1812239544
1414799451
1416493649
1980184419
1266138591
23673000
1098308791
1918451295
1693662754
456478510
1091375247
1442645918
579055196
726693116
1801270052
14038238
234369566
790726633
1644676910
494348685
1874035774
1459537628
756438372
2003613782
1962318298
488143796
1931996878
967536960
929791673
519864494
1252478369
594547569
1934663946
521488371
427248340
1053318889
545161371
1525557131
824286536
91340477
1982035641
1915661783
1533986395
413607190
494871251
1187772800
427645428
729240817
1978499433
2072322339
1223589502
1705051560
1384376319
1980027874
1561181694
1199210969
320688022
1345694924
19264281
1250479696
1865559418
1271742650
1845027265
1652739716
1793231021
124791958
558574957
190908745
1650349089
1382861493
282249222
1484901083
1151039629
1816235618
1898508273
1645910880
856524770
178670053
227668050
687540555
103508744
1451257552
245108467
1487885063
1283801779
1806290161
539612384
1604489801
1004501437
558876665
707485849
722577208
1830619316
405029467
227833276
1476366689
529821425
786408234
1667275434
32686866
21786079
1949524657
1517587949
1172825708
1618276627
1268612574
671252941
327317749
1447282628
898920991
1014858304
1550791372
202694895
1259966772
891192788
1486496674
918773285
1430805172
943502828
1923274723
1989681838
1650988677
498368283
1672817506
2056018144
726201559
1001700547
438355921
1512609793
521492334
471042788
1534395873
323533343
1988630737
559737933
1941809970
1109759664
1230990874
121644071
409558644
2129911865
1136502375
1960350016
185123113
248985499
704059156
1671619787
1167758785
2134864329
467638967
943549860
1977062519
2118627645
1441918143
1502396377
2027162141
20636054
356613276
318034415
1533245848
878105610
789077203
920158073
1201638953
630224292
1479896006
995965275
1739983956
563403233
1117609346
2058952
545831450
106628074
1962408969
730954563
355613573
518984477
255090703
1523372358
506365158
722729670
319438570
335944029
693873667
1761356713
1838340406
573552161
1781992768
47470035
891586576
1167754968
925575645
1680663779
2087913041
2127214599
163404423
1420325399
975696226
1903388380
1983728632
2093305573
1905447332
382076435
52449999
1720372653
1113030998
408063572
91873483
1368121701
1931435931
598238641
2090851372
103390853
934182671
637241391
1864747567
625039429
1210793552
1499256687
672509464
2102380128
519528007
1598085110
1635560259
459957400
1577816061
1798964683
1880282799
406028639
1554869415
1716527784
351850564
1312833099
2098604219
404300563
885722105
1064151569
812364136
977595588
284789623
596316419
1575834229
228157347
699707272
362533252
865398738
416971191
987572682
2076192291
1916227878
1660082146
2031088771
288272237
1110683608
1519165383
748229637
541016021
1170646418
481028789
947044661
578032185
50072925
1298895225
1890865284
1193496
1703195789
629103741
1065345065
368076277
1606699329
1350134688
964392696
1035049911
1578292035
1664099968
1397583163
296207126
2081071160
237672197
224915769
1849815390
1897754344
108520892
2138087628
860954304
1627686275
738833617
1401970326
650849045
1219862406
201531339
1228881230
1269935331
1500426564
972262867
1271128827
1056138705
1601366608
188990245
1424214982
1060582290
1539124933
241124030
2095632201
969933321
1905223999
1345731716
1266140447
1838811511
1583403914
1491056216
1541143253
1333674610
1599577108
1531747233
47145266
1079779736
123097203
1449115592
1730628781
1342959609
1650646931
812026364
465411293
1003589848
1784289231
1736540120
2059728553
1238172191
1925530365
1336459888
151270833
1317171651
1577583918
99419386
139621324
1335324269
1445151103
1405761771
1026652132
881071369
749334339
420311738
67262331
201427799
1952058971
114407597
1281207535
2075156174
1563523190
864352669
1270632136
1066686473
1676379033
1736043429
2070276321
1313184616
1325099901
1982521227
403873159
1103146619
1171497467
555143993
272834622
601597737
654563379
412455946
1936922007
2099714482
1818217717
816090491
833302203
420068408
1236402229
900564534
621496207
1040977553
1014972132
1902703743
968650079
431011674
619572764
91798567
1497698147
148468149
1827841996
1420490821
1461652765
1005458250
1255528400
1865525924
2108604869
279542219
273186269
233955843
881139956
927749649
646411789
670578315
879980483
317145858
1486668807
1713282687
737214266
575587388
466363573
1358710473
1616564941
1481335705
1113930568
437731373
1912347379
1733503332
529529940
1262561879
1881971481
209888289
535569052
1196140598
1215346539
1791097452
914182875
1176467760
2070639671
1187369144
1410423603
804295979
2115118793
2056835392
1474874295
847615629
226497602
814059454
413414668
963711868
1389646842
879778241
174938693
858728136
213630299
1288869262
1296459509
2125977678
874888946
1825989449
1241055909
609376780
2035877738
1776624961
1805517378
1103740629
1420238765
572216605
132724741
1343394788
1759585750
1543148344
207120
1727220895
1452500088
1475081415
427352876
1678997690
141657221
840767544
495225910
1531304063
1720545786
670164604
242548551
1934176085
1959033866
1539008060
1912670115
686439164
1217513862
1006242377
1295815944
1105907952
635383690
953849675
62164934
2055622456
1526066280
194889675
1251533596
1138168382
1738038020
1251740716
717905630
1043054460
579338483
1145258506
574568503
720995704
1986026051
1069794413
104816120
1559088189
1739959017
347364671
1345780626
1551509235
1886372732
1110967093
90464752
956402946
2117209470
1386280696
2062310898
605109513
192646723
2124475832
513248321
1718713004
171881860
1764781917
709397738
1909919880
869038986
1427303368
805490692
1448377469
425078227
1380059195
21889526
263620630
302369961
126705646
1822708819
2042328978
474070317
1021005797
1446354566
212959401
2131972890
1536819318
1169362347
2101698713
775616366
1084189598
559324578
968263090
1061181782
1072572899
539492446
1233063642
689871168
1248890184
995499874
1558910154
528709905
1800990567
859803976
953788132
1033566114
881693502
1217408762
1335936075
1008399148
892633933
1230781406
1482469465
1913639730
529652324
1695428867
1898128972
2066471642
717307566
1852344037
694604360
1801497164
264184967
1662867450
715195299
1336757866
54876248
1948258941
2026629035
1303766433
796275168
1438055541
1832476338
449782087
150375869
638780822
1483348201
1032069371
1856189584
671800629
2040468519
601339869
1902582035
1375454337
367495951
284750711
923399556
118141275
203738705
1640707122
1970485313
898343065
1294720639
87186632
413726868
2009915938
1423944499
468603116
1810691231
1303089886
1772369549
459482751
593661779
1457362239
909264838
744037649
2096143061
245129392
1776107020
1804848997
916930021
1669091892
258705218
672028408
897062581
626201169
956779119
1820462137
744342445
1160517824
1313685611
567344110
2058860889
460922602
654530742
325104109
323354892
2078475241
793707226
2134046124
1234081479
418593127
446045227
1827743259
1875955367
1355310066
424297260
1824614780
1600439458
52920632
1481980130
369885831
1722012524
1740685348
1041914239
471591457
219402870
1998693358
144569946
963745315
1011727534
1458255558
1531089425
923104775
1919178160
38136519
1248208885
95049405
2116611761
2041916111
81611881
1203209592
313025590
527657108
883469203
41497309
1882967174
1307766463
1866112090
1335922984
1360687096
1200608572
1705808815
935215972
793810272
600239406
1406807430
1013213142
451449116
1551377376
1976958457
1463176650
862149286
1360564234
238797778
633843799
1398700754
1487006663
728893204
1367828867
1381439126
810505085
423554811
1694464716
1338162193
1307024015
1735962026
1073645720
467306830
1454590468
262085056
1827993926
507715392
1967893872
615726251
1301525664
420649630
2022533681
167255159
872098747
1426427409
2144213616
187791749
141093048
1357294203
426589527
774936847
608511309
1913596190
1503830051
1976340176
1147551668
166851488
252411339
694532737
1505013681
1559435354
283011115
431175753
2026742185
1737601583
693260810
1707252463
97833327
513671034
175495066
1399358991
934320664
50545099
1566614150
1806419411
1476972509
1563344119
1994211161
1618065557
773154674
273317040
245518756
1381665983
39429583
1749348807
1210522511
1186981251
1916200295
1462933850
1881513988
1273730328
874885557
17041455
1704906082
754144094
1754643038
250683244
313912909
1852476365
764354278
489407976
1104351709
1698674942
539953075
523482211
1357610706
2016925584
2086826330
1204338219
1487507493
712497356
1477655259
1733026249
2094163339
1517084842
1334891408
1157202202
556582446
1103608055
472652405
290612786
229854736
1347537962
307654242
1934760818
2101682056
2062297280
37960414
268111317
1767289998
802314692
757519293
724158059
353505986
1297472369
1247640270
1711116692
1166914305
1186982953
767971263
506938151
1899480309
98142875
92480752
1846160001
1615227717
1427372161
855878555
24326515
383496568
1328530960
314939302
613351304
528585274
622593544
400628474
482783682
537407176
438588888
750895000
157213526
1240903580
1508414293
881371585
1594409567
658403014
2129011856
1158042611
1825317320
1168511161
1926013875
184771823
920507822
2024156750
277252575
619184175
1491900819
1704624736
1475062731
1516227335
2088121305
656110043
1831166637
553988961
1184695318
306276533
954617436
1667479000
843683709
1393206324
270890352
1000897236
486626257
1779304646
1882268821
2081035824
290224012
1863797029
1091594787
2115541332
884824542
870125014
152829507
1805332365
746798116
430082083
277032892
91215288
2134706819
1752095623
1607442623
2075344476
260722019
1291125612
481849790
1445417337
1597402145
1436467226
965412689
293602206
682189902
1236303042
1294499442
1168816159
868124040
1029284616
1102368335
1158348052
745597997
46479475
1126405737
1630422540
916604489
1279235244
1288271257
1663402606
1709317327
1565304149
1754617894
1696540499
1169916125
1214576869
1624401327
1430638144
358218833
2106251117
728571833
1955620978
1395234695
1693984522
101739536
2077424598
782803916
1396238979
1098757109
1650927956
278039947
53641797
661792361
1023637944
100121272
1788198098
506576836
1016725761
919949694
1794848093
532644719
481783374
1212668595
139778965
30840225
235101072
1354355834
1655241552
1665739216
1712574667
1614009022
246827401
1520711997
861760069
1940811923
1622451534
791701019
576132192
871206865
1890458129
79576500
1149246812
1944099926
741368861
25401108
2044221198
382083311
531977945
913463311
1302033006
179342390
1446108031
1783816380
1392010985
1585886996
1814656605
1627112057
792759183
1322414509
1145367625
357850202
788939883
1392195026
1878562200
1650699953
1185523302
1353530086
294917324
1761655494
77253303
37891805
1841231994
1226500115
1981991731
435117208
1251901223
1878729281
817200519
1783879168
644708945
2119233525
1963221559
2090816976
1755566257
1207748896
1529220324
1422739214
687377306
174495859
597670076
1832744931
532346062
1386609959
1077456310
263424614
889826264
115495964
1616954700
1184743589
1877151458
1694208003
1222635394
1570899804
773224470
1057143478
2006017012
2025125693
788389111
675733884
1661521214
1433098056
647483761
1477259125
1376431384
255566371
537524373
758168061
1678305585
1224901679
932663920
128492013
910162963
1465009982
1515101973
1987619273
1728434596
257444589
2103115237
1197905648
1442188178
1832783047
744630003
517339925
1256199203
1517854473
1574483403
1114732568
1395496519
215388866
1790466452
909534085
1648486923
290466565
239309562
877434659
546032936
776833935
1635602720
76854874
2001735615
420782993
205346887
764414930
1885792975
1720448860
604550555
1466743924
1977893450
560182144
517165924
1272597980
245481543
1261795928
1789937905
1501680746
632166753
1216937660
468929666
2027663272
1432326527
111912470
789713709
933329802
402379036
1029023271
1810764461
948411972
1805857207
1298883534
1025266846
1660109174
1719666527
1230613734
277040456
1457975854
803578946
881591011
777236130
633988748
1441773155
1294402055
1906586729
1687254698
408714335
1549040986
1041451796
1040881088
618494999
1510381463
921060713
2050821526
1622293933
1710774422
836667680
2024672969
592314046
499948493
825601294
250687605
1798832027
1850868140
1910796779
1371014906
933998226
40353587
681507113
1737577173
921944598
1458743243
224082273
216234105
605661650
2130669002
1903488803
1014375985
1532226341
797456951
2055257074
3237692
160354766
828834139
2054059218
1782648700
392124913
743243250
1659838021
984438959
1243191743
337955667
1235126564
894540123
41340160
998439695
118071381
975338386
1038793282
799578494
565431911
1960737880
110838090
789514185
29488337
716499740
772699539
1932977140
1730875726
157442232
582950444
1638649152
160679924
743305210
319999643
67255494
378470262
712124556
810498744
2038308284
1696563516
2053690488
228780303
784206432
800746963
270120463
1782646128
918818344
1245458850
673955762
1718396839
1810890761
487209995
1829234929
452921298
516698332
398251021
1225620838
302191825
2129126747
1383063070
885142269
1620292251
1543742995
1628447479
1940291894
1610998489
2006917742
504932803
274013586
1897742378
54012671
180220426
2126522681
838219103
980967389
249159497
473381583
1899785733
1494618347
1147337346
1470698924
1158025460
1634547341
1152450205
1610946759
3762025
1550701227
689083949
305953850
1532344326
2072147019
1191096119
1005152930
1468406366
672059951
797961176
931921208
531494045
1302893979
1205934794
281752775
1356906650
1386155220
260791808
47642106
219638961
509951305
521023689
2119424694
2004569652
1668361035
1442639971
1015111465
1155424728
447606528
478574576
1159186754
1998307755
1167658525
1465140604
1383168434
1092321896
508753076
240837716
413244615
1180813027
1038798892
1345165823
1712307072
194209224
403616969
1994059847
1551115874
1789772189
107368007
1598757980
2009411150
617319313
2119781670
1981352196
474405317
1640659057
1276508519
1489516782
648600138
1724115048
1968091358
1807786892
1574939155
988266235
1125443848
810623941
2080588132
1634196924
1051461657
346349099
667526303
2090260550
1691514922
232349727
136986126
2095131891
78925926
1688102000
1737420432
186293934
1139376333
1599347934
803613247
1111674355
1433216482
1278018564
604849764
562241354
620051699
1253449902
138872754
440659409
913753146
1713811909
1428925645
2039196995
376952203
1362030129
1525910271
1428413860
1708379228
45952927
1371190762
1252410502
278302654
1508176888
1200058745
357228581
1048795241
789995529
543522515
40687926
241859815
1347135762
1152362281
1675076297
477670678
1757212045
89834003
1097722377
863178300
228706757
1538381787
1776931446
1942518667
819823784
1668644793
171987222
34370265
1047071417
1600401082
1742749493
1093024344
824108197
847676347
1371326998
184801437
2047735092
1728555579
1233596678
690246973
124594446
1274284604
932106788
1471730208
279163237
459699437
1949400887
2036375283
549533441
899639616
752069935
778240198
290537755
381517733
573275217
1110361539
2050162527
745262439
1144731804
949750296
198179874
739997649
2042774640
1022288071
1587673996
1266617990
1207089508
1487925440
847689922
293202539
30688765
972284368
1567487143
962795553
296530929
1846650381
1422494991
98448168
1735542016
1972028432
998087784
340128303
602784982
1288625540
721646036
1176060200
251503431
624324915
1921322639
1396235236
1574075211
2119502513
2136232885
1469366203
994306936
1576423234
588500546
53912797
916865026
1436190468
347115336
947553792
260991188
1914602479
1910349345
557522117
1613769212
1185360688
655970285
1201827580
1009905472
1654058070
1541955883
1612690455
795199962
116118272
641267007
1046703393
740443187
415105998
295454981
167034751
387124864
284204219
1636400954
1381431800
1860627453
77417852
1435344597
630008831
1513608320
1782459933
1577562623
1774599509
1549578765
1340428321
184637978
1015864329
378305361
840608264
70208262
1388210834
347182686
1612164145
853417641
1142382648
1728282417
1494684648
41602393
321241957
1909790646
337057375
488276708
149431862
621261594
2124677662
1530863663
334405399
54611867
818724612
964414230
1568220187
453700898
394493206
1195336048
2003279663
1734921527
1379974027
871660344
2113226888
73098643
941868606
1353954074
420281329
406549104
59888067
1562663977
2134831521
1554572715
1604266370
308589830
1316879714
1941323745
796866538
1466311576
415101691
774060553
849691591
749507090
828672420
1668416204
1713921321
249408959
2122117102
2108414527
1444745008
1977913117
1695852406
677235387
702089813
1661595646
750334030
1643958420
868066073
1170615359
2050507524
927954140
585795688
2037855397
335043208
42578410
198961580
1651922922
1983902156
995828118
970750850
251520199
1769888671
1820442442
1001027290
451077443
1341374998
567464963
700486403
1316008452
528395842
2145231411
1146437921
76764600
674983150
1848527734
1738360246
1425317180
1345002506
458942671
448448891
1248026382
1386896812
1034244579
1138398132
1721940020
1076822989
1337359712
1226379294
913241497
185704182
49646496
1164761697
1955592854
1870088938
18305339
259186649
1063980288
585770302
959673052
232505092
1114166144
957420815
1378943013
1190930744
1632403965
1079987100
781807342
910237497
277505958
1240750014
1358686388
1525532341
480163178
245447319
516446825
54619550
1322270309
1853806537
1280998844
88028158
2039510719
1330645340
1252789855
1847619925
1053250631
1271095194
2106806575
2117230919
1856865496
918995979
202252364
823547992
1876416795
1581195377
2014478736
1361337112
513698829
648802431
124090962
791204788
1889552445
1482777350
169253481
222231975
1728224670
685700306
276851525
903011331
392023195
1557850369
991039489
284050266
741012061
96345697
2131670192
1794262692
1367440891
2090993119
1764009964
1076822740
862505450
1966262328
1900370732
591438597
1399974057
1767365821
1952775710
1913672887
268684604
2076866672
557394027
10753401
1412160374
726647508
232985376
992901396
1412347814
509836901
1895912727
1804371009
2067687270
739468569
2088421275
661215683
835814266
2072607819
307994728
55771509
2016117290
2072004692
1132594249
731139093
1890783372
885481334
1322577690
1143273781
505363507
1127869752
909463020
774048111
1057252776
1466857047
784801512
321929503
46020907
1017786888
1314830899
1458368721
1527623789
1063259979
1115256082
1447827411
1802728548
1056193710
2109043094
491059166
981317881
269554174
546830675
849951524
194075218
1679424925
1581090617
2084858590
417422611
756184659
1080648724
922786118
1884054412
1990111744
1696834229
793823540
1309485144
334152093
1115753043
1355506051
1351938981
283100295
666391125
732079122
1346360274
1781647207
32422885
1001605174
690357269
2141465979
1492664340
1671675151
263536506
2039495015
374143027
457611724
1571436292
1955233644
394986667
1988858903
563934655
1475635391
764161373
300505419
1318263487
313511954
1094328960
480264983
647664047
62598355
1835771035
1999603028
345698650
354678512
584198502
1692058924
2136325719
616621387
546180450
679199341
610603719
2038844790
203390844
874140225
1930856158
577533871
1331751949
1354808802
385283867
1726738616
1196184058
949218522
1054890359
1960345431
1249723942
225670199
126373738
196569254
705935182
774037785
259167609
394222569
626157166
604866260
748901081
1210355668
149441536
737743153
1826977056
695621987
1416942494
290097127
586983129
1620333338
1164237352
370355639
50383561
348505653
1725164442
435667428
2075244270
773864852
1384885950
982650981
586726635
487126244
1208321180
713100373
683695498
1914256363
1487138159
942863108
160995284
2113295325
1547729368
909896366
1176167345
1697170904
1647639519
855660753
245309243
917098365
1145757880
832292373
389948055
162511584
1202648012
440331616
511017238
780328806
875999044
438777860
1554193658
113401346
1421428841
2140920294
600527591
482266374
706537019
1284223089
249039089
46191530
79602549
410034373
12003207
1627331917
1319930739
1188170553
1177019174
820086610
2043831306
1422328417
1737184975
1042105539
107137142
2127133030
1204617123
1309785155
419980998
1715634361
2090113961
1295980042
6928573
1496823972
1409381389
1428357415
1490260618
2009908980
1910623789
49313989
1146648421
12179230
95505520
1226250971
422213603
107508727
706099240
1742144343
1295679280
1883118414
414747305
1192026939
1157963184
4448633
86648830
1265100326
2131581663
1291265953
427401833
404079014
859416667
370032147
1700059056
866345240
1866856119
961956797
147219007
1209633089
824382129
2057842796
1258947078
1971030551
2070022026
1354452598
1049797874
344751982
1461961326
1755897114
2086896325
610156958
1491531881
354159982
1802183897
502011417
358608615
1888832727
1767111743
342706631
1032615033
47029929
746785645
1892031700
417062076
299361053
610893292
136434547
1261317851
758112300
1346067636
2085699980
668471448
457531066
1909246883
591009827
1811983665
811561109
935761809
1126461343
419974576
875174486
1736618301
1911506457
1229334468
1391318551
266034226
1587943084
1132667630
2033145969
1930649715
17799015
2080175898
529951712
1909830715
349754326
829312765
373240360
486188873
2090630616
1131352660
1832256509
2028846949
1799824108
142303928
1790610184
243350287
1954287593
454687646
1179112096
933265288
874662222
2054286582
522399941
638685031
1136137403
1913718492
904719257
576596839
898902475
790381578
359762906
916701490
723073829
889714618
679048558
1072828155
1719027383
1052288918
1559017029
1662174352
36157930
1243789890
1543537653
1835982038
1386093818
1186664189
2079332326
1192897763
1641351835
1110960774
2126163051
368530409
1017763709
501079345
1007215440
6417464
267314189
1911934697
583014303
1166216664
554832628
942777209
2082918155
1277906457
1832491827
614483065
203250964
1404035562
1666771983
1762267993
918726266
1702929913
858574236
314780271
1391428303
97184406
1501444461
1323276981
1290082170
995312648
286754108
1268761573
1363843058
1304517817
1769840918
223574850
1310935281
2037155108
2135509548
1893949584
1055888124
542858528
689243145
991322631
1820764985
374251324
1605805696
2024015949
1778286886
1125094031
1638800295
549529505
680540296
349890883
864309776
2071968600
447075289
218270589
1247761933
1737157459
1213583238
1534516041
858435385
429942648
691550210
480792655
653517498
2002485491
370464115
641543398
1748951427
1426352240
1184401926
290710924
270191223
857683263
664962248
1875996920
734215565
295765487
853607303
225532212
845294992
1534147600
575423095
1709604768
1458632552
1022498384
1927875358
558910837
612172196
993974948
2093426879
1470607581
1423917596
637493441
1951400236
2077435094
492495285
174380704
571494845
93963064
1600732944
1755896771
384673989
1870924167
466096387
1049636237
1599437439
1200311952
1345401724
305561095
1425844164
43213068
1839708695
2001267259
1752817837
1150857599
876281995
1533209547
1709768436
1488454191
379700847
1655711667
811578124
1803618443
145721461
615494713
1733569889
638216746
789875417
157581086
732179810
243124713
1913477858
1116853799
2114048880
232090597
19006389
1566002672
1432402549
1364408113
1871563767
710763065
1407621182
1563788814
564546676
1012955371
567162765
1440828671
398681270
129447553
781799215
778382117
1785159221
1593377339
434516912
1930880682
61388404
20603153
421613780
851263821
178184240
1153793590
1094388534
2091662098
123163742
1060953767
176269047
142170131
479472791
1608671596
1506578244
203552910
171951013
766715778
1767341724
736497689
1779671149
187020841
29842712
30868771
316468394
811641927
809250888
2101627615
257535619
1243767800
1885024649
318924023
1264370954
159154781
1170187845
1442555194
1312948372
117092731
1386733644
1436112114
1178046498
1563002691
1578282245
1657519289
1024190639
937376841
1861072199
1196141652
1704092620
1480930275
1932639341
1336280121
1667951116
1962482053
1367148893
1984419511
626640333
28916133
1938563478
884175952
1272683934
1676104480
1203099975
389571240
1835259261
225804172
1832126434
1000723985
342896904
1071376430
289352451
1520943402
486895473
1867634696
1030979044
1511086112
657527890
744567595
559744116
214136862
78014223
344899809
1550416983
1745965339
159898214
770082228
1582901202
786538547
798998362
1373981033
1670714499
2071682296
902601865
726330827
313769888
590377478
952134999
2145896322
1591101464
1295031903
1069789104
1880453915
668491658
1556684577
1600604964
1699470702
920287041
110649206
296554649
1480031157
324786068
374568872
1824930966
1875203051
2120534212
1984829180
497801632
1555951766
623884080
1296799994
782449151
147114931
1220998642
1685051016
873445758
1534768530
127944847
1825580758
1533181204
1719046311
973129013
455486660
1452016578
1641620671
2012171237
905137894
1193607725
784974630
1015787100
1490162375
117522139
1340573168
1864731247
1942453105
1068292572
1837781811
1779798637
1566094204
1246249930
256199069
715410550
2028699081
403314001
1936409192
1566266450
1276759759
1323694074
1694211297
954856869
709391630
1265773960
1927985883
1164878290
570306890
1422122906
1029565879
1475444785
468246984
1814540509
343748237
1958409359
1932062648
1684321406
1675656958
1727032105
605130330
1365955122
1359347094
23740886
464721404
1615546164
739151436
345936837
2018860165
528076980
1912203287
1148136276
1851771054
1458930936
2102993146
413679036
577221248
1883495381
1578557326
1147528139
1158134639
460639557
475489276
1626381623
127696418
819237513
1437307334
2059759066
356075271
965480645
1639307523
961205601
183952119
851170969
984946487
648673523
319233485
1724097923
994610360
190610002
104691255
759330000
1338746279
1956462309
70777288
1294255777
222657697
647998537
1030267510
1801215023
1795526676
40918501
114370932
123532304
1667300125
242067350
942769817
957123811
154342768
1298845089
1922604456
1793650291
112567042
2106556575
497337613
1097513530
607746450
816571098
674127805
1602356811
1007181101
778819061
214203163
198443732
587797722
284980451
1492699509
810455420
932978988
375483371
464186795
581022016
416401872
578557728
704554320
2083701997
820625078
1647324138
893342161
974967847
798685579
668462969
621134490
911252621
627535897
1118472103
2008766151
1235282347
1935043202
535410309
690155510
794740655
1314229370
904358673
993184387
1902027092
1189339125
338400248
564998864
2122318113
713883619
1029185660
555856482
1130285491
1607743388
1260410802
1066503841
280884818
760251292
1959846002
1255852665
1558936871
480825323
1876987156
322705845
1108361220
847975611
183988348
196159920
635535165
719398657
886315430
1430275820
2033628027
1790674104
275976559
1788171472
832529581
614376807
205686688
807364046
1328260426
1234872348
1363220528
311062270
695132088
476147683
1377566111
976016907
1236398975
1189928465
84385924
647852199
1670753788
1961373080
970558044
631631361
661865044
1154546392
827791281
1297400209
1873945050
1714106711
580192382
1760089429
1357297167
856168941
1400777253
42343100
1470545749
1606463942
849707147
651322527
693852642
65444027
962384797
1388984731
541591710
192467260
217517990
1777990686
1382395725
301903914
278359237
905665866
115793347
1248917281
1537297227
777658391
255980025
217604860
2075058600
2129925075
1931711571
507767334
1742530857
1141525091
1363936276
995824462
1183868191
686998377
454804756
2033575338
1338320904
1148657399
2099019366
153222054
390158482
493127428
345689314
607676472
123634466
1728085040
909580386
401993703
486267258
1025373733
1650910984
2023564485
1803032124
1906891010
93685697
1730607077
1889332437
2025397268
90890763
1484379646
1019438711
1454827039
332720461
55823255
2141825416
787525217
2089398593
1332662673
1936182616
2040934311
1485884727
178857450
386578092
1831574041
786533922
510212558
1412175433
1696114309
912206262
1898442691
574004394
415633598
1774523528
229552871
175040960
1868209225
1960159948
2064373398
1746122846
2051050711
1401269396
618077909
1358394103
1733989857
673901164
1352735871
374031427
615816110
537914896
162730395
509266773
2023799623
341587846
895844865
1707890017
1128121768
1406057424
972581802
676752429
170780038
723540846
1250756824
586413636
350580726
1480309695
761454597
71306304
1292985995
678344347
1817429150
1196553058
2079613743
288023411
407463513
1666119953
961924576
1760199385
2040151380
1577740686
150630633
55398127
2087007459
26946609
396985973
835368677
1734836626
1525107742
93942453
559934780
54376523
264722491
1283475626
1305133347
851136127
1634056353
637959394
1612590724
1705362657
1930945389
143451423
1375308159
980014800
75581519
1663331570
1387478313
1741701472
477772498
1000194050
1634369204
2055513184
1150824684
1689767331
1995036996
1177771293
2086753305
682922025
765124271
1464377399
776864478
1325059051
1518753922
1041586969
461051030
676403622
1892723096
2095107383
1314363016
1357830173
1652986392
1097824758
1501281596
880810903
2077839558
1576863115
396658825
1317834223
1171080939
874431324
170544626
657966495
782460860
1321369310
200250179
630014208
351656955
139519836
1312936233
1116781226
1603897235
2089800711
294356629
975167509
983904032
755407659
1651571131
729143481
703031394
818450500
2086973654
208534138
1916275258
1440771602
1089345041
1846631168
870151070
1486003867
1016981743
2041232009
212951543
1187526369
551714857
995412403
361412031
751965036
1625426612
713068986
891484872
790879197
1829850212
347898459
733196261
2124206842
1323065968
1717100293
732130853
827153452
298760126
1435162248
1645603952
238250132
1643696386
1414395562
1679021735
585557780
1113543082
401689157
2071561647
2130524825
295437518
137029542
1170567547
847152375
1132441945
1531979578
1599117411
610384909
97564917
343118635
1401264107
1927415129
691017094
2134460368
1904138323
2014083063
1704077013
488785529
693752867
2002837140
1923947777
191873171
93603624
1420160515
1606268733
1772625359
2005718295
572328167
26830868
1929796294
555369344
322268387
2066825836
1725936891
1169420762
1051784134
1110432822
621054526
1662169043
1207997739
964173161
915949502
987929220
1655190256
902926222
744583896
1521789671
459519588
1233369425
68058890
314873080
1009833554
259932061
408476704
282510421
1866200794
33618416
140745069
291045313
60449284
2070541363
846414657
382717671
1989883552
424867901
1552138434
894184038
1535300723
25709312
408869433
595814814
989882473
1324818936
1583744034
497589081
80261510
180844282
2019378752
539781098
1414213707
2087437642
854654178
276563613
199886055
1263130883
559074035
2066086849
1296749299
699819104
209648514
1357198583
622876819
1056063172
1739916255
465276723
1480931073
1144571041
1359460761
868748148
1170280353
1768330195
1464562962
12679178
945665483
900823348
510268260
1025926993
1081667631
382163364
1565708092
348397690
322117359
272878622
624961304
522003414
1536009505
1184035339
440606616
685275156
1883854443
650255130
2042473740
359247614
1706318302
1634906347
824524338
1039765727
631993740
36501451
1908513875
1802274093
1804831646
1225593189
1814953271
603013481
2126416538
177737883
1628940475
1060600521
559901248
1047164919
1408998211
882018607
1320043541
2033959515
1404022021
708569399
1070511206
1844628637
1393844555
806882001
347400120
1288834647
1166129616
2053718422
776257346
1990653954
946000502
1408251086
2027155405
707030729
1063041531
1684503404
1932623919
730511155
140033237
1911556809
908249038
1768973712
824673682
1468150286
668654983
86188245
202685245
1988698525
2120147761
1606707267
549784276
1043175319
1303852256
1943628831
1850057321
1651252376
1084979831
868703289
1557487151
1861237177
711873595
356004005
1122004616
591545352
1063034734
37562499
128565108
848175005
768073654
268598346
612248166
1676322693
2037572058
1436921848
996989331
558743394
1523110094
1199674577
399958271
1495774207
658898196
949742547
391465878
1962750452
745887730
94039551
1466519181
1830867561
962742840
876522684
1544621091
1674616435
1232526689
519142059
118678140
148077775
556704558
247243248
996252781
1324778213
515841594
1608500947
853617258
405930005
897939148
1850606589
964673399
273565594
902797518
1364631670
1769339801
1561695714
166890569
13322031
1376962519
912778299
107361583
695998052
596162213
1070104423
1572520736
2140783304
597237211
657563777
512441715
715915351
805641552
1069146273
963158599
1801894333
246440838
1479000194
1262911633
1100058096
1884930199
13367133
803181038
702119950
286932727
1705978556
2066751620
2056272528
1120190623
86158541
2069594559
349669494
998936840
29472494
1045667546
1595099053
1099576918
470704634
1588398709
1696814129
1128268411
2100840424
265245832
1933909963
1022503050
1228404431
1588320649
1268943888
559920977
703748634
221518337
297367528
717115767
1024699375
999487478
1004048494
583194283
918755450
912837374
1703384906
1004913991
834948285
2053054400
2003850832
864420780
951238298
1451466237
1963997698
1421942932
892381299
1513328179
402727695
845738075
1778574011
189154011
1868241125
859494794
1777474660
989701366
1419415772
333739646
1211219703
1716783300
1050855413
88435430
568787131
2054903907
671629713
1487542581
820257633
227530972
344972925
1655205918
133101724
201340109
372143050
1084340023
1652806346
188657100
358799307
397703997
1701985279
761527003
1243442073
1333075642
950681014
964199550
45086789
580672026
1953900916
1464502561
914411672
1017636971
1033802213
1965267085
1106072401
1602589344
1872687344
1777702115
942648278
545461329
2005233087
1287621203
53183599
2138334811
1488961312
425326650
1075191186
994284010
613983750
1433990494
1391988008
168485382
48033849
487946433
1501561024
998714863
1452145983
1546647813
1579386889
1258563252
863666726
346314913
128716575
1897468940
164098350
1234788977
1352574636
2036785694
865007444
147739266
434763375
722756883
1435360469
487946974
713608046
776838133
913273624
1788799233
1771122144
1527257375
1075306079
1015626504
1695742757
1123339928
1503572937
1049820133
2122054791
808235272
448984299
1553958032
2066798524
1312651025
1900272945
48031452
1062636317
2064371295
1282820429
267727306
1953673341
344225
415466572
240953068
723101108
1850827042
728900042
1436709154
480181527
1642173667
1078024739
103820023
1021947394
5847170
1119446527
570206503
1129187098
475535816
1620026636
1103758241
1283771089
2069010935
510232625
1203085965
1234178313
263021922
1251117417
149330982
179909569
386454198
417058288
2133582910
386798423
832524861
227052330
1109899531
535868255
955952373
399125038
1016049782
450642392
1477149777
1119869806
1472589786
1482996948
91832685
2042796289
464700398
567368502
1515339277
1568458640
1851139591
1436866565
2078691265
906741908
523561230
194229540
10375678
672892212
374139109
396829876
1089950501
360238372
783628300
1922475362
587290702
1893527831
310859969
1543243075
145169221
1326909751
1993885467
1622318999
299295909
1318991605
957832299
391128595
1214304246
1422532697
958497097
582159876
843507689
662153040
2019026441
774715307
1568894948
395104023
968944847
1579270626
1067996235
1343083956
1976100503
10463088
1703322328
612245155
1932938450
143129383
358289338
96314771
1686372458
503458560
1423224523
1532774278
2125777559
1722520432
704282235
936126210
2113649027
1918586482
211175259
924662476
353262710
1054682949
1586815516
224805503
1829398256
1008226817
619909526
650859455
440013795
1687905761
1993943411
268630650
1698368850
1549782092
880875805
1483823652
1692911475
1239165144
1580138424
1231800285
1742623704
855879299
617090915
1720917615
430916083
1321373151
509560177
397081463
1092475985
720735436
1321743939
1445738695
1775418385
761075808
1670544198
1457332993
1769302625
142970076
2108192448
61832772
1830875837
1954652212
330463423
1381761039
1356950656
1211339228
718101044
902378483
303020724
150755820
2134178768
2045644428
1006635119
603786036
1619078395
1437551202
1925159187
2128638572
1834632665
870151524
701890361
1008892957
168406571
329825098
1769968765
1838950769
1787158092
1391787742
1981920845
1747866892
1453620514
1665313034
1555035456
1784083937
899590426
764502464
847939518
1617691470
1666880947
1150960242
1768447290
1653576068
1049121023
627598761
109878456
520715770
2065149963
2035037643
501870695
1752298981
757705519
1203761056
613708290
926112090
1533586154
236193407
617579211
1173260598
1627981149
452016408
773643843
934118015
2117329442
181195651
570718305
869436220
945698116
1418657823
339644042
465095415
422134417
2108091332
2118671483
1471255440
588206445
81066291
1991971211
505872761
2116103934
346358258
110688094
726325805
1550119314
724396384
1652437895
936221820
960589791
122533458
2109482419
441087292
574549866
735642614
1375205307
544395661
916838265
1945923612
1413831881
1862536381
1217097787
1753475924
180148149
1639232205
1714083608
151335984
963003997
154806406
232402276
807491560
660679167
201022562
1153849818
771367261
927348368
556485484
1495763645
432302615
1492707305
308869788
554836074
1454706076
749957080
1129385940
42865042
2125162387
1673781601
959703307
1923602352
940129835
674756041
993216491
546122111
854904190
484965048
112722071
1006240174
1447969046
267528477
1238642450
107976958
928207644
1439665013
1261826777
1699574905
219529733
1818312261
1047854902
651832348
1163535918
1356724690
1206668422
470758346
2106681770
188570715
513623388
2084360510
1862352316
1473326696
1860479214
654998503
599089
706212057
1201120614
855503279
1191177106
1313842686
1861743453
491662504
1581371163
952902256
599639462
362095160
245083621
1861466239
2061670065
464613354
1532294853
962041320
1116445702
548347123
171282362
175630477
1019105470
130480485
364201192
1532728858
67357347
79069860
858571906
1927836561
734068364
859170995
486564970
1935188978
1714674274
1677742076
1101548016
1428934080
21920932
535435532
234352688
621560395
897530692
479436309
335542986
811717109
944049663
1867837839
1773758429
2060495365
268701315
1945040792
88642194
1287806785
2075521277
452843386
673051995
2142878624
531913247
1531623902
1923231537
1265981611
243311249
262312859
1053686941
1957985524
1940054936
7751310
1239435956
1961975868
543186842
1473788644
436052615
1440717534
1953224953
771595602
104950995
749790968
491949793
1878709425
662802685
760651108
1676266569
751444880
2048457893
1604304198
1204288266
574026241
1599699174
1736201513
2105650143
1375447063
854699476
201477744
1637759922
1908386418
11979620
1430331210
1916137728
1251415576
1244823431
311840922
577720572
1680876046
1752558456
383461877
304988000
1857509451
1133252845
796937794
1588735228
1796055531
1557588902
1117518149
400016763
1458563148
574338699
1604305029
2032589389
26554225
1193022895
1990755884
1402001288
2047722371
44749980
892277563
1808625141
56729601
175125125
1577279221
1308145177
1419948556
1889120143
1885865750
953340955
1494194951
121843979
1258328955
1204220755
1255096825
2055266749
645472335
903668708
1465372004
1762990485
1303685471
776451504
189845536
760506852
661557245
216399762
1953529747
504829481
1618401050
1853768471
549579461
363194965
1514909964
606309062
538320091
944705538
1914454240
1958268647
686342033
1652836342
764125954
33053337
1774680321
2022454910
1237274092
882293498
1930238011
1882746427
1785962206
1248126367
1498253264
942164029
2024577871
1688098801
1702670882
538651468
1904498563
1508716981
1043480949
1375415965
1215001804
1593060411
1738610931
582428121
51885825
129447374
1527133659
1966340065
2087716021
65992044
1471692759
704358328
99045381
1098889433
579329590
1336319473
1981182931
362083953
1071582253
1619661490
1610210321
422351869
414341871
1487304544
2110450670
2117012753
2025956013
1867465585
1478246087
921953314
1095397903
545764243
367530077
686525186
1128192364
419415903
815972560
507842375
238272320
756204933
573834420
1709965080
1460563261
672879801
661370865
2039892851
2009199275
495070148
254493157
933297880
2114731638
1864703478
1355649749
381589862
1204524374
1318616772
351118967
1082996739
1038598709
1829365054
2004950054
2133996612
227645650
224996483
673038150
1355838014
644412386
1489010710
1863680390
882684707
97731996
290031162
445166139
1558295257
962910963
1106537004
1450704461
824626590
1601607152
1705197618
1757924470
1568855143
1422417448
966090572
1950445005
479458174
137223696
154080324
1562454914
1175822405
1983445379
1419921320
1162335370
63607381
1644917803
1835373520
1419445395
141846542
1176900583
1135642137
1024531249
1274632579
1425673299
1469697388
685444188
241100615
428750744
2136148649
1065727205
2030357896
1693862619
676168028
1451729391
968796419
1642258600
1254690748
1448254594
1779482296
1408771073
863225860
807821053
1244732804
135663532
1970156423
1308340185
1780581335
1658046296
580301932
1922427877
687463231
1715944070
799475478
1962095810
994133721
121689218
500056350
1235234336
550439962
488721352
153477894
433314211
35100323
829645922
1885043602
1003896743
324420874
992250703
304667689
2103903170
253538128
1167893549
764240575
1498270932
1303557081
586913351
659127469
936654768
97475999
1239429401
711598998
784939230
807889823
1511074476
599551392
1802023545
1632763695
1099607742
889774233
35720009
1588329094
1043252127
469034220
1623429418
1872898049
206594175
479842513
49835275
1198844878
784510202
6254797
1452383006
1952403751
770495373
803170290
1108477184
1357408724
1462297759
2045131952
1454884723
554243512
609247302
92340305
1362133336
2120321779
691891697
1016673233
1605601826
1791499439
1906447466
1641321835
1232344886
802215946
2110356056
708290656
527630347
169466583
1188133169
577465623
1368311461
1972643371
583720420
673210819
1777563474
1354215793
1476381109
738557010
564140869
791195220
636205314
2019025592
1345438732
1245452617
2111365897
560088420
1218290748
655773946
1576761653
676408926
299789738
1335725472
170247113
1532134624
2137941418
133119521
92941632
518088117
302586104
1281074801
1095553740
1670897565
1106234524
1679274161
196624736
736314350
886006306
1673005845
1474871360
1450147176
316717417
2111076674
1321689120
1662156150
1209045643
1285571370
74760922
279852743
1941345316
1651522576
956261669
93651406
839764400
1126508783
1625786030
830222170
1259628304
1718727662
1348310287
1562214409
852318815
296380380
1085628326
1958553339
1975654541
1282253063
547384041
714177199
807775260
2022255401
16840727
1124492678
1985848428
1338529848
639165180
1047410423
476617570
713926102
1327263167
270479238
217965030
136041188
364130645
1057729430
1262549971
1989916675
1887951600
374694628
1561160690
1088778240
1936909037
265995857
1385158620
875053715
77065549
1213329513
9823130
624449590
1927506712
817598391
499221344
1944347440
1942091069
337586124
1135393640
433772601
1384996547
1612011210
1147698703
564776066
1882490448
1365663734
700817255
99137445
275909516
1963367226
2089054121
16377469
190578206
1502731163
1105155709
2127487243
1768727020
342830681
855057311
1845792569
1556160194
864880441
322758512
1336183258
1682478832
821979856
1133047050
1477086253
1159565980
120957042
1910858854
397078879
1732968252
911073910
961854946
1467975053
129253996
1662672201
1567112498
405163512
1478555779
1508682971
421540981
1669133986
863930486
1526696690
1649137581
485173859
1869527371
356711244
183482780
1278203917
1221591686
506241292
466903528
756586870
1328221148
1599950578
86189476
340303480
1720907621
1997048330
737382360
1306392225
760638592
1699237306
626883630
889892588
1214425859
46512481
1295056101
545497990
1555195452
1716597082
67148328
271642291
1095810125
1716285910
756816150
817853848
2072997154
940298930
2096057766
1147105192
1446540223
415477646
1903692063
627277723
2015428224
1989881539
967581204
1588852197
1839446221
1704963564
747760775
452601166
1256717222
1374644405
1342493754
323659433
1421156886
490066207
869157423
828868691
59179642
936305752
1100510982
1154989767
505108014
1857327132
1972843615
430621520
650142414
1921417733
1577726713
2096682637
189411731
1333935128
576476713
57356308
1176333019
1544057917
1646208505
868295592
1101537833
246485632
1320896758
210771407
1621130038
515906865
534430840
894803276
1005973072
1403588263
1723671967
1065152714
192410367
676699301
72658833
697518381
386542785
2045502449
1128139902
1036685200
1819436534
558382967
985884189
2008848266
1892318095
1562360902
2066204574
921167466
958935171
1564929431
1789463058
2060473004
1811415064
962876169
123760763
1285061454
1478783034
658191603
32381082
337272458
2061779867
1756053050
1402425173
106706586
285268703
1475084006
804224968
671811489
1373102807
1932364870
1708496689
1045055694
343264189
546897230
906420312
88098636
2109258133
825141238
1009266102
920709656
242587021
651245512
833699013
2054002085
1614121681
957459776
1191579891
945421067
1615651380
1223960974
1282693526
1529947599
832530376
537635051
1636654185
1117799079
2012719057
293395505
1789610568
1238338217
78276727
1350623609
135910263
421540916
1897520840
1042330575
509639552
1859295325
1867471813
1518905654
632521333
2110058834
22667519
1466220346
2016577272
1636789200
276196475
1060673515
434726620
1891847855
137150841
1717420146
1274311806
969681217
107571549
763482343
2087480297
2120290606
1056877849
1729607217
1211145175
1135154576
932747179
1347055438
1556695493
682784371
241902365
2066335045
394596048
2109374178
1437757052
1027117381
2071949365
1460424571
345854080
1941042989
949730123
622050555
854232856
1384456743
366414762
991383698
954393241
1640726568
1961064915
1061964790
256725263
1901061564
1034771749
1313603112
1483185134
98433276
301274041
268448665
1445488715
1857969534
951233036
1687391080
1776820931
1345829084
1649281611
1067094335
225462817
1573747328
380035258
571316897
1367306669
1329765382
1193367452
74055877
566738477
1559782214
1065439575
1521131719
1053025134
879020843
435612861
1309750398
632598759
1470384610
475869862
2115783893
1568817887
777143903
236748910
866822954
487629789
1187981946
406730386
116967073
386327382
2056011997
1184061408
611790200
1482275677
1564096667
1183107097
702098698
746378401
228990902
776154576
1313116878
1788773116
1841594151
686764949
694314603
573131346
1122377811
2004065001
1205730106
445278773
332451215
1174030351
2014096660
1109595119
1410779262
733435966
1597224908
451277560
1140166353
1714191981
837604943
1048694702
750769742
1449395143
383486732
167382761
485018592
1085585430
913761162
714009494
1861740006
79394392
355298963
1555850510
766159342
1049613566
2128981856
1888537153
906194919
1187228314
186332278
1238646134
213775018
52945291
200757605
1624554280
786381257
1797982514
2075831840
1926547610
1364690847
765953135
827758665
2115460589
67864630
1211245397
135359702
552883223
149347179
1049120864
1266892717
2011087186
1128515257
1622191680
1419454048
1894674599
524321598
1400952256
1635728104
1430516517
440696923
1822060382
521679004
654471941
1875005673
722436609
131542573
513903283
372935475
59890765
292967245
1737626323
825843901
1120725910
1705603264
893708531
184487659
1840962967
1446591754
333834839
742600183
566000824
197438377
1871115440
40708856
1616892425
1618306391
565030455
870361033
1106550847
1995546972
1311057956
781127582
369742328
1965529897
508649607
1092178938
2097072470
1022552890
1465114413
9479588
1315520136
1055257088
835323489
288762398
613376705
1729032020
473250058
306856024
1028140127
807084897
1049456207
1594140951
1004523274
773088000
1634849807
473932051
243910743
52396614
1344293084
1350461591
2047943587
507867393
2131589173
270202267
325913642
492755132
1362381205
275502465
1515308023
680011971
284982053
683344511
1735269059
1120305542
972106909
201162116
701853914
1445356967
508018140
1729994041
104958216
1557474348
1176651344
1109481490
183078700
664017504
1583413541
426989443
716414118
780222978
1777451034
616874057
1288090371
1761556559
887076325
1614004013
106828044
101973882
1889506478
1622136067
781985853
27004883
157996930
369771265
1147310425
1130103839
570933381
1849164340
427977159
1078951522
1431674733
532935375
488942222
460842430
1642416866
672020922
1124859934
1078346759
1099010365
1841274052
1858569737
728977752
310664462
999176460
343050663
1197740787
465696826
449878707
1299714669
207719656
2072014774
2081700523
234724540
82528056
303988140
1382034965
1212631896
874921521
1083715657
1640609055
1953873043
367906743
26060782
295331617
828749173
1668477648
967352539
1953609107
599340760
2066362905
1647399511
310426849
647857009
1958063973
1309603310
990907672
1008321112
1775300136
1440786380
160552134
1983019792
1365317506
94769009
70260684
1447845563
398757149
1452295650
512993811
1273678670
388527659
6119218
1080068066
756434402
32180000
1375399683
1585183575
1700657649
195268575
1391309034
152514761
114147832
891224898
462941610
762004841
701805223
1772544920
1752912513
1710126336
1400361408
1046215245
1870678470
1235897553
264049104
1965447479
1306158237
1711894667
216720980
610970239
77404830
1490399650
999497899
83524048
422984068
1755932301
115704048
1798383752
1193632229
1816361697
1993652327
437457615
1968876458
2107800159
1328682513
284334421
722321352
2030487737
2056879341
327750217
1593130425
1309757102
1373965463
1316325247
398171007
1638014567
1134289078
1704329244
1202425586
1351010058
167815836
1279830416
693926060
1167313735
1363354464
1116910129
775762388
1479058512
767810233
1969394617
1147936562
613978912
259368585
969329372
574295423
1588051098
1253663793
1296616775
1471055187
1163059487
1624366992
916701964
325332941
850848807
85543563
723503948
341379726
1219832641
280349544
1543805312
423359051
448165380
676152080
1117285112
1615479115
2039506544
86711593
243757856
1371081409
854521826
65668825
371534323
1468500738
325037410
1340863695
2042796161
1913088509
447043841
1191929288
1236660048
1610103328
668812632
5878365
1935436269
1519661440
91421928
511456569
1861041166
1311254570
791806113
1257362831
1734613621
1239971494
1933514911
704415085
707966961
1825537808
791126678
951724817
1049135569
1645648504
1017393643
1420669892
966665594
1342431053
614049939
861978107
1108035914
1061093780
2053907395
197212315
523713460
575236380
203090680
311666081
2094897820
294512608
823122650
1808455338
1605767178
1614928764
918334521
1192897152
707416610
704365785
1897312237
1415383571
382419945
540955268
219624741
1431555514
39120124
1237018384
704741758
1005785719
431965789
1318791697
1867763826
1540001704
232401830
1774187574
1737214019
756115290
201940306
1940304699
1067781372
149354478
87333659
1890904022
1957809816
1693100838
1358349138
728660690
738514342
2065765748
1433026475
488342931
1333665672
1815446420
1029298199
1553290413
1099518286
1068418324
642825149
1804260044
2074204043
1074790938
975568093
1794484221
467308994
1207969923
1421188147
57039365
1964085214
1623128453
1997344064
884382938
1772482931
2084677724
627803312
1582809100
1630294914
1986152451
163986142
221325608
1904434551
1597012617
709668539
1090616575
1264975389
1738966739
496423340
217010027
659901415
1139248489
2021270071
586621810
66555780
849354516
233622383
533864774
2057324440
1654810531
590904140
1873926006
1130455336
440764556
610825296
755454620
377958632
1238628608
190780072
2008253546
1077297411
354766214
82095506
834248315
1951778831
791764046
1924864890
1069270572
383247137
273804583
1286280599
1043148552
1413053072
1160067022
1629770362
1479608852
2009421538
1863392745
2013473627
1919262330
1370719628
456894119
1645704688
353691317
897658675
109046336
1109145937
1275617308
1347674945
1299926009
1136387206
277488708
1654692223
1218482713
1111737023
1458987406
2010246759
889118266
380774330
246010248
1162922849
1667054929
1289158800
428492273
679638303
771445514
1908101126
541576193
487354611
1774091105
313354876
1858074240
83501576
1959059564
64281909
981160251
2068105901
1173427846
109293911
1268297198
325870207
1245681118
1545785906
1980562430
316680183
510039282
1292066188
179443294
1399157548
1672840518
425453542
414596749
1192411799
1714612342
843089022
1872050102
338574208
603706500
266142647
825928819
230313957
579497523
536519411
313815533
391073440
600801320
1294975785
311695693
1774229166
1404269696
1579992891
2100099373
502467166
978295149
1933178155
819147349
1488334431
1077760695
998590643
740008331
603117565
1424044185
1154605080
1795529364
991172879
1997694103
1520095818
1329747087
453916955
1786238466
8192259
684230913
218252341
544711670
998046446
609325781
1145512991
145538583
921021474
772258509
1549808280
353530717
724874235
2052275446
1331825867
510568742
723939148
672676650
1588329438
1722529791
1412684982
43963355
999090329
419806414
1839492720
1990263208
270016869
1212104890
1172526648
723933825
850859708
1180718907
1408164738
1069112050
1725430577
258727536
1678437831
723459920
404266120
451975658
1495718430
1954074400
805506375
73109017
1858866198
2137332242
583677759
435321698
662525245
24523549
10367842
2075210227
68486905
1009458171
347532993
1907979625
852237731
617549863
972600867
2024764379
1341483688
1823460576
1057999638
602164778
745088978
635946568
860892314
276043161
1359406488
1265158434
728018819
707641270
1071749186
1533525195
780750287
783131737
1523373789
1364428047
1218453435
38415386
1388951596
1228821277
2113625613
1457438501
90795800
313674959
1217934478
943033532
931224822
43051698
820314263
125224862
1866512274
1878313902
727389640
464117604
366776822
1588281954
740160765
1726183310
705956741
1468179585
286340933
1777705927
854221132
1067091220
413354016
230111273
284035619
1631807452
268526660
1672987216
713145081
234668625
982942069
803940882
548343584
53392900
1746974414
1479568406
96444598
419805029
1604793268
1962956872
150635283
184699260
279590828
517412105
1772981215
1019751593
96111768
331454308
340447530
382452701
2109160235
1194668662
1449543921
375030604
1424779936
1733579541
2006838056
1693306596
1259083109
572499489
1927975221
94541530
1376440371
328835158
147934430
975931137
1808403564
244379028
1395736167
1265713185
59852252
1546371450
1450412445
339443080
2063783556
1075910012
1359194674
12411676
1407364320
1699642204
394864377
1369040908
746827219
1844408298
1744071512
24123507
1430504191
1603425920
1717430103
542103652
28441761
1497921676
636645183
1404882133
1826756834
784579613
233329622
1487676751
1028958642
1629065789
605906288
1088810894
1027953592
2056318733
1428253975
944253500
984745098
639965001
956665176
244625770
192123557
1351529553
1613666678
938950776
1048454203
1210254542
963074283
331474747
666196814
533020738
873578399
694638576
2030942415
1510223582
2099520709
1710215601
147319548
185366683
1050408704
1176278190
1814432473
1656314992
117605436
694902417
1565150078
1545859411
1639155917
402411528
38340764
448337445
647037298
230464322
1799866998
113220329
1169415098
700837553
1323474871
2132489382
1032312300
1989671686
518026472
1905890700
536826614
401485239
1268630634
488863675
2111700841
1415950182
674230358
1014625897
444744724
341179183
523457242
562350161
1036081600
2088607320
2108209572
527753869
343535200
2146550337
976091314
990572498
229531011
628474664
1103792827
1398946109
1329312218
279784051
1383951843
214140870
121972089
1901978316
2120031570
658798703
155979907
1241178557
1147662378
120197100
509645091
1821892736
1134822998
954389816
15588272
1658280240
1516739977
1051669872
1599403912
1477465901
1579423742
1942939112
1476532590
408031408
786027962
1706063601
1036506073
1889820790
957526063
218334643
22121193
193994258
432475513
144093282
2095972574
405023436
802891985
104468834
1646201993
1950554363
224665934
8363436
1624963451
1359488932
962753252
1640551723
870285524
332009581
544737948
322205788
1809475483
2124161690
117661252
1138524425
384709450
903689215
697104379
1421215523
646026357
1654630442
1639550166
668147550
1848624700
2072025680
812240832
1797113627
329565468
1615132817
1901582461
1975767461
1418203532
2126248395
1984130897
895683335
1338253680
799400502
388751411
61055556
1131410083
933489359
383261345
793401918
910167401
500922597
1931926344
1294876851
1404611812
481547075
568608727
2050638169
2136177517
60675245
571302071
1837318569
2132700925
1383542903
1486948548
314782745
851192072
1241047361
143066558
121911956
1219812109
2127197456
1017595292
410582141
779114310
1406346703
471637697
1910524393
192352414
854899042
556442664
1102519815
1355821640
340885360
249913018
612949804
822432435
818521745
516104326
811126304
879196991
1087406397
500961225
864414268
323465653
1987909774
1179197014
1174657725
1081473487
1322263572
1296569682
153801948
1301977380
166681326
564384089
2081091690
1573028029
1036021787
1844132436
1765380443
1890920829
253091452
720416610
1099258821
593976812
970329628
1712208626
1416409247
1788851374
80829304
80051903
520564717
1168235701
581013128
1384978985
1491701354
421439254
416692351
518875432
1502912742
1738955924
1815445114
1656714690
893449656
1982126440
73615132
827057699
1407670821
1109636919
523706487
1025567616
853074100
776797939
1745984226
1952332922
1370774751
568830206
1517057900
639700350
210197932
1597887204
719752253
730762649
618639257
1300765381
2115741635
2110340612
1722204636
384950338
481732396
1077633730
2123906262
149693862
586864772
869872271
2131820302
660479904
1696929970
1392007475
1770116823
73152809
270091443
475707276
849950748
2016075669
280556550
73241851
437422227
1797614450
712942201
647620160
1248018006
1432694454
1378382809
1866657263
585976187
1346640796
1829514227
160697175
1731591135
163762975
1238330905
1708013749
313456837
1825195678
430402372
297793491
338191934
2127332342
1689800966
2108308758
53001503
1959892409
436532386
902952251
1828484430
717088936
976194102
118423010
367219738
1689136303
766043170
1615237744
974347109
2144425979
1334411359
1560323297
1343583128
1016441939
1721020472
927690615
1180204914
811867730
488220716
1493661752
489579760
918623089
1791455243
827771694
898471783
1333772562
788596804
951473287
1146181323
1225129190
1854425538
827182106
1942218126
683135993
945605116
161954216
224788648
1711648286
1777191960
1199135758
1708590617
964119672
611975407
904690097
1980561611
185512231
1832380712
1013282877
997379961
173117781
359460981
1486959721
1091740870
3432577
167247768
1990212653
1337205139
955844572
794202292
335902814
33490115
501144183
1163084920
1975708241
1184280176
2108690036
2137662458
1409068824
1672854674
1767370770
460720934
1233961644
584006794
1072696341
2138651741
417084757
1258208573
1823548806
1430367635
108104886
1996666587
1789828616
1595064608
940923809
1793261193
1762312376
783652814
982982684
570673300
1577855107
1318885499
604163415
2078999290
334486771
432388009
1115795818
295693160
422566819
377380994
1968547834
42453941
838101929
1055025830
626460736
1910798270
1046193924
1043545493
1021523195
722259082
326429480
1129628082
571442021
2116258097
577209042
1512365830
1762035642
192037770
148534996
597534679
762711070
1726390103
1916420178
1366874486
1657905745
103423301
1799262495
626217915
399116461
74345666
1003598910
220180648
116799607
1841700839
1275206478
743260343
1605015461
173916754
1786805837
479055009
896175836
2113235317
1608683091
1467617857
2082009766
38408485
832500039
1696561761
230446255
981035036
146612792
993157325
559941491
2063032970
212548163
70363589
18972623
2011810658
696581504
418089085
2086156324
1700180414
638269733
55472284
1394397605
1913476211
798732627
851929419
2087392966
438054816
1330984428
836085154
403806486
792183871
156219364
338332604
830592356
988719403
2034894365
1061038611
1969754439
34023509
2054195936
382212283
2097056479
119260452
452575872
2116029103
2131071110
1149157376
386634540
2069743787
701854143
1024904273
2125216071
2096251748
790896836
776465050
800697519
730806154
1214519867
2131681947
1566891309
1618326353
776382170
1723110673
1956658957
1606974526
564346428
1844069675
520529489
386617220
1878093184
427241778
768829503
1827666016
546502230
1221405375
1796211471
530089692
223079103
35362363
452349831
924933246
1060266636
430082254
873701347
1851163472
1206547305
1674398866
434485979
273583524
1658597166
2001377288
1891909877
287495688
1577004313
1701085186
1894470215
2141350741
1397671213
267516056
380484313
1128280750
694757834
1149313816
808463118
1241260064
223235543
457190941
1771349757
446314647
492553304
76215940
1371247893
1552819940
506298195
97465592
1256499764
1712845500
1771864459
1690985743
1986429024
1282977977
1544879383
1730855253
1570473665
974400048
1284456791
1317460232
968267142
534644357
1584976289
1348751455
1662925107
132250475
350581624
323904577
1373510540
573817167
781095518
997376649
1020131814
1273648822
1073592589
243896060
678985114
1579890784
341361652
1935484878
1145252636
2113226111
1478986974
984198012
1248720440
876382709
567569617
671710458
1850782758
1852026409
1989170690
671566252
239187118
1426663331
2020317707
1902112225
1558913807
223415683
78533154
784940699
797232851
859628672
1782317348
1817364665
2133277494
708426289
2061260725
664778960
140833426
255138730
452780190
1286086062
220881193
1931767164
122800427
1469601634
660666226
690370044
2141312092
363965336
394912805
1982999134
1035531588
634099923
1262178818
908365647
388728500
673608977
1131781331
467261654
1458549676
1929014182
1326890326
1093383376
1598895199
1312684172
1801809665
1512672277
1977463132
1942643091
1767811007
282759675
1081245506
1988692200
67043191
1204045933
1310810186
727709417
1894415977
1304638630
1091674753
141845135
1140154117
2127206341
775945058
254849287
888088341
1164673559
928458264
2019869672
1631935213
239524292
1801400206
811341892
1332907668
1252811757
2124026064
987233685
618000386
1954005549
782393129
238327745
89281576
1863638635
79536298
156324767
920200920
1390346484
884034185
667133249
547501467
1975708938
808978384
1687655584
1955431632
1584923443
1942504871
696036325
602113354
723479487
568422349
86564919
963003779
222338907
897906811
148427799
1475150664
874449228
1135661484
2093151051
680971129
1918054613
183995148
770252705
1634209600
263531446
926577472
406926872
1653877931
1810611657
1074060122
53895750
1638836948
1883038506
1741551334
1446784932
1320478301
1536572557
2142821257
1922591655
112568396
563759958
2009156575
1075572175
786098865
759579738
1223999974
113765881
1634028966
212177810
59433284
167516447
2130232424
243428433
937769152
1616958376
506959879
1864346625
2023885249
13354162
1527474634
950461723
67249912
1018827934
686016581
1808801246
318129218
2006494883
1197890155
313466827
1781602890
1310458551
877226785
1643275817
238547078
1663325650
255371908
1462547052
1777091532
1889400874
1674724863
1836524816
2056917322
1657473639
2079953249
847202826
1126948367
439429481
564065803
1003349968
452783643
2091540438
1953811691
520033556
962884724
492344625
181351154
1281013943
351355860
1379241310
1594480770
2132958750
542216213
324223908
1628750920
780763292
1987549558
1884122828
95826696
1617157442
1626040054
1770551559
1306198611
1535473728
1280541550
1238668212
235192907
260006270
1678097693
799258710
1263356238
2130881337
743315500
1069684282
503431245
1706200225
1562028907
684782399
839730520
1913384767
2064023709
286727642
1898859869
458756275
610951550
1380127141
1239519567
451017461
1116766321
1335346263
2068174903
595322728
958414175
1226889866
2130796456
91472077
318074431
218505715
351478347
1996172124
1017764426
1614834586
1979569813
1761079926
537035220
335517410
1319796503
2099064127
1020299810
12043375
1864965246
936839871
298771018
1616341467
1395596146
909722568
848984961
487632065
1360740029
1965751282
1822978329
1281431285
413590362
633908856
360837503
396903171
725380933
678911934
615408886
1076859281
527600411
1633173312
544210219
359686576
1246769591
1081245439
695203987
419082446
1032825918
1715503797
431125822
750307516
504860020
729896840
219165335
1900456167
1639619408
1068150296
240604584
852875790
886417931
2063582913
2134307075
1300008293
550008121
347660930
1696911464
1275389055
1026572865
164836703
204764688
1554173276
1798010015
748974907
1913859852
897295958
1830220346
461580191
1316378405
715562616
29600340
1747504227
1465870132
534460361
329917419
1685035467
287432880
1969536827
605702116
528037464
674928969
1492120047
444136730
661752396
644644692
994144851
1009413327
194072509
122050258
2035986192
358909212
326814946
1442675820
9435579
1075789853
1209052024
906731538
758526551
1670632216
75626295
1474089167
1700232556
1823130522
792475651
87209269
5564293
330027471
374642149
1975101120
935729587
902679614
502546442
280365986
1346816344
1164298838
925010678
193477547
26228517
1119083187
315527806
2062214709
1477992399
642342752
1357406881
1487427979
1718132606
418975258
246675869
329175509
2089607474
322302164
1803264677
1642356382
2145432686
448256680
1729565652
3513331
778284151
2104207801
1978614451
1714013738
859403767
333677245
1994379724
58736463
1497976084
771906755
252214011
1524204601
1890989942
567741817
1438935663
1221498694
1210084569
648858896
561443025
780733527
1067834154
808118894
1109909037
1009957980
1130421058
765690066
504830715
1128370096
1213946746
86912719
1131883427
1992230898
43636872
963014230
1558760988
903040640
1296691476
1405657065
961777103
647183912
30080172
1213991114
23904865
1921070114
1781732931
1462840528
995085160
844333853
2111699425
1556528185
1625067380
1032049931
217163431
587492769
2042007912
1347584489
1353182835
399354979
328470937
419645934
486267698
1460354364
264393184
529904570
275884947
1823154172
1432945210
1572576423
1081327589
247238666
72276687
1111407761
1461229780
96181552
884994228
1095479064
1559022081
1880079388
1939812917
1523237858
1289123926
1417396649
407804141
1506287357
2004889419
302328405
706388199
1210588606
701683384
1034859136
1630234540
1187951082
347729853
1894627724
1717855653
623614800
1570298249
1003317215
48707575
504142190
1250555881
120984262
1615549952
564302014
217165814
353060532
1659781078
1776187895
85656272
1452110347
1151942105
1374780198
722023348
1559746247
733583908
579429119
1862074652
1439972107
1790017726
416274389
327347595
1272768618
1604225471
675077448
1019912695
1174597476
1298692248
442727296
30431044
1347399823
946869486
1280986925
1468384085
414935790
1845288939
1685549900
767996322
1357586369
1314254147
853652595
662213068
318712605
80949145
1384236417
1878458852
814533053
1963665536
1593049856
107021512
1606199614
2009324245
434369108
731484585
1466066069
1109446556
1751397280
493179897
260655157
46640928
523610941
1608054980
993510414
1804597867
928955418
1408446205
1502403158
467021670
28958879
712505880
1781275817
882611474
1374718948
2099988422
963560620
611471717
1830963626
1778093673
427653606
1276529835
1885115186
2033853220
1138370432
172000646
617854157
456952853
1281447202
221767789
950132751
1542102359
268408717
1473743692
1002673692
1261919132
1130857911
1931629110
522881689
485777422
251167132
551840568
1198283302
2032442949
1434452043
425518602
1984947724
250529015
1036990320
1668427702
2028622688
1464643926
797473889
1766254226
1351013498
1935844322
1938254872
1968867656
245313527
1072218427
43151797
1195446278
466837138
311560515
521706323
1469510830
1573479647
1652564234
1253656292
2096361336
2138341656
1504823424
500718256
1189141310
1389782726
1935170299
1614659913
1227246802
38215666
504166585
748190856
2066838355
1968810511
1545664746
1685608933
1172340361
1334025420
1476380158
993724369
1579338947
401114937
1036876167
627301578
867952075
1348436682
1149007901
189979258
774432681
654088487
1443635550
723310369
644946496
800975327
1224028625
1834087806
43274405
1011715277
1301264071
1270521207
1049930943
1805430656
2018712063
969285650
1626757519
1416893161
507410936
651614233
603434933
1983791094
1645338602
35290233
237422383
534731121
662591811
1105374458
1883167803
1811599712
1295353716
510116836
318204551
591505619
1233427205
963151047
1392480946
309972183
649755206
1435755351
1321687460
1951019277
558792910
224134755
1608966286
430021325
1193420406
1088240157
1846914487
1700831342
1739854390
302865772
1537138788
1237709345
338156005
1774561171
1772440466
1000747816
732451981
1508124622
664863880
2027805698
2018241458
983068432
471827669
1104185016
1946219479
1864308615
1414157199
448491037
1152580318
588361011
252026667
1711373228
812495766
1860992953
2141394553
2005916172
801749462
1840825392
1559263866
394120205
2143691165
948919006
1631829550
334363522
575996529
1256786368
1335111339
1308448511
617427342
1999975219
1188770561
488185153
835560003
1660598230
1592370169
634295835
1377423197
859043720
1082786872
382519867
1447404731
1334813539
2093893095
112416849
1048322844
2087804000
2118333022
1850072307
1781145745
1530113240
96708864
1777353262
331548599
1728538414
2111716784
907545128
837841134
1299344475
68509991
1455268477
1151836047
1257280552
1943453630
1987396050
770395134
1388340151
474208237
334683
99900223
1556995110
382854550
1547304954
744325001
329263997
1659721803
1792647846
269584350
1630571177
1495236505
2050730095
1013200770
1591945369
1680599709
1344749369
1173000135
1644832845
104810849
2010841269
796693673
173320841
1318626098
1948529720
1430601393
1114596080
1788442122
53512880
355452583
115166712
53847563
455352806
1672161822
436702114
2002657760
269003175
765966111
1514895916
2061651021
1035550461
997983445
1409403878
938796908
2011184215
853865599
471912969
1208449936
2026865734
2116745815
1313260786
1890223356
765955840
1486581627
1061365806
567001912
769699372
28478239
207960386
823212252
383930822
323127098
877059816
839283629
1995288920
1313761930
694457741
116808448
2079728041
61870009
30975821
967794855
1059853455
1440379700
1906591763
923554022
146761651
231021085
2132003959
26143738
200283252
1297781097
1916367094
966239092
636879076
830249252
1533241004
1406578448
858727491
1741201390
82307053
1242658314
2064328489
959366869
2081941943
1912133761
125645151
628916036
2028942209
57889544
690786046
2059918031
1025684399
1750639501
1352814083
784792515
526709875
1499575734
1015813600
511230186
1525719472
1216096852
1809011283
1294602918
34852296
298406711
2124852171
1568093300
1704985160
836096014
1161811042
1787292213
2078754328
1078655883
599175434
2013212623
843305997
724820585
494645012
724764558
782710129
1185431058
637198941
1808394529
788586911
1990013024
445703396
1315296786
1342105111
1461516996
1826526973
720340935
530130200
1488054608
2014943854
564982496
1786461320
1992312377
2133075796
1343962832
680924743
1147403190
983771397
612195424
78575426
1582946831
477924399
921881423
160283768
972569411
1646645981
942993897
10516821
136361275
603904778
799103732
2126374299
1049608174
2114400519
1320995762
363641522
1793443844
2041336698
893771722
1134014804
1908796904
1458754218
772992476
1753625633
1444346366
2116955308
287066728
444265909
953243057
899262152
522841335
388706240
1377186552
1444722758
548990008
202272315
943885091
1491983906
212789137
1080246366
2095888684
1011892869
1059137018
998013211
978809740
232649132
1361654733
624769936
126502182
107942808
1758784741
2035299086
1566697026
384293569
1641441071
863559745
353765230
1928507800
1307825654
1307008287
680286304
1830666989
1695714528
2057472856
1127906099
97220888
112261524
2071791190
1589204794
325050661
1004553909
1537609831
1336943530
2063690927
388139394
168269623
148856411
1749794127
793039559
275358594
1857736935
404340652
163174032
1276950314
788634222
1804615104
2140510059
1142399452
1585639256
1300852065
301924091
118441912
984035406
1997638619
28431121
2111941505
2094859508
140692645
2036249047
1536580654
465743306
893319308
926706837
1802686836
809526587
1314846231
1970956459
958382999
917156711
616512371
1233741593
627409998
1020853023
1396915625
1904360312
1809487245
1054047081
1897386723
804403049
492202689
1050755140
1106327141
610644602
2034790546
956482112
639075723
1999248403
903857972
779768368
1888013803
292954979
1245511674
633849463
1219661816
900714862
1443376051
387024400
724187674
254275402
1304181111
1340700045
1488016995
1931591109
214069420
737448972
1688467774
2023556666
1791496054
1438370849
680476067
136215095
341642342
1786803208
746859697
228949240
595801673
1385935420
80713996
1499659645
18220140
1968727799
1792614624
1263731814
455093614
864792793
16963029
1898469665
1251817193
741150703
5261419
408514656
2081850748
1493278414
192622117
148436520
83243739
1881089891
24509538
1874739793
1171977093
704985606
2010954888
1513619435
344305166
610330938
1742568675
940106839
1996266358
1823282671
292282837
2014486499
1644526822
2084897461
1130734665
2099620437
802206606
1147697694
1850606454
2054023799
1888848397
1855867874
315054807
1823215497
1201662640
507676925
1971652018
1284906379
241283168
1996161556
1012162524
1413260261
553663514
875633765
779396048
897968681
1485964703
374481076
1838075520
1334747413
50280099
2130358357
1201750264
1694806922
2067772171
185001282
1646943711
722495129
1332698976
1350066517
629035281
1074063726
1058450743
944090088
749795575
112629736
1451767013
573963945
1397536115
1693050182
422641854
262214992
958826795
976305368
1137848757
1738222844
1874274049
476329812
2112703920
1564865922
1811077225
15500371
1547740631
865343842
1710307293
1468029154
1050345124
1209767356
43040636
235560452
412350226
672075917
1309624178
1470800969
1616166005
2059419754
1583430705
920449371
485900051
833483173
466015905
908541905
1095698165
1424842700
1884847274
86063274
1015581896
1611637675
562393086
980802168
1029019949
225986663
996302540
429276933
1091330505
559126185
1897306087
2141675629
1768893542
1940346723
229752434
33760120
464938992
1539376612
1504561089
2081104998
1451312718
940508147
854070721
1937212770
1773991320
1320086626
698271027
722205837
597445678
435634653
808269111
1613027575
2047272329
1370662197
446346095
928808630
1596648860
1442648635
1358085563
540495718
2001774821
1107908003
534687699
1623184715
900771078
764440133
1656944835
1365710071
156333098
1014022276
1299331421
1607645816
1954530423
5918494
1397374938
1581038095
1326005120
2095645966
155760284
1923450798
383796971
964029395
1388994725
283585652
187207944
1835340821
1212394283
1783856805
1130505808
422996198
176868875
984796981
1530904201
711556574
460498048
284191632
1475996708
2117442883
1649901703
1632329806
983981512
801749476
1092491974
791028287
807667970
342383265
224582735
2133673090
290545583
380343019
1909640240
674342554
1344372415
1151151318
957928207
1531580359
839008491
22838842
1167953516
1969514299
445835040
1344822391
806827633
1976739242
2056378966
1267325681
113447226
1384892026
1237284917
1763348929
869738184
73782781
417614757
1962230158
864811068
1225282727
157129775
1089393803
1211472169
447675358
1469736823
973628761
1122017913
666625590
2124780079
2079946120
50722301
816304922
2102784962
1218675818
638335574
401136354
416014561
1445163207
230391948
324909879
565005240
343839174
1709801905
1802290157
2107188103
432056441
1876072938
377319212
246802952
593400359
1602601939
403932727
1682794162
666590460
851608086
1005047337
1640219222
1973625999
1671672927
1617515653
1906088471
1722395229
286336928
1861389785
793587399
924672502
115042491
1209601960
222352061
345434440
1534511840
787357301
689273614
1096830097
442163811
648978070
1528886539
170753101
1026297282
1775689491
764153460
481415574
32138570
299463975
1148006034
883746656
1304511312
640741608
709889007
828700592
110773614
468493830
403612173
397110542
182399967
1197199572
1321783044
297442459
259317884
1544135105
642876899
1793829724
184008758
1332150513
743176174
626172569
1981128583
124579065
796925671
859942218
1900268556
1561079131
1341357792
1932407126
1860543106
341880178
668670135
1017570771
982621787
1378559142
1846271363
1093395401
1847052973
102399888
1490505943
2029452940
1299599460
664805339
179411751
1558917344
61456796
822288650
1205263421
245465554
6955516
1948439595
871638124
1988084099
2073018660
1668563795
700542669
1825803568
1082159278
2041900461
1610727046
795218737
236296992
131913533
1812789508
1218918779
1510472676
1511577223
164830532
1210042001
1613977111
1655336475
1092011293
766092923
172658166
1271423045
177526619
234114962
2093711695
1382790040
479580516
2100667211
1183745987
1351218640
1941267663
1109280999
872298787
494326684
787600919
1954458066
388743498
250844318
602193155
625040490
382757851
267499015
1843959269
1893230527
1779076238
2008789801
955788880
1245569701
1516642628
2047800174
2011662624
1689300794
1171739571
41705595
1923415756
1117967618
1424495636
255512624
1071151182
460757975
1606731265
864935197
1570038975
331546404
1359261881
210156246
138520822
1748005379
461000564
740713977
225562221
843758416
1008212992
2069521490
589505295
639805582
1930827643
1545294176
1885375283
1299986623
1445610702
1749554259
841803769
469866625
1791259855
617735877
1587834243
1068271843
873248502
511501777
1529029818
332496119
1376436974
951585145
664042523
588215208
1161741392
802563346
188736939
1622741956
1543277323
414299161
319016724
404006668
336337003
908522020
1043812250
119680999
306332548
781703886
1419667622
1751943250
383774497
113987744
74326227
27550704
731723621
1662160470
1095822547
1604972123
26178600
477368718
1937468242
1402615574
1428953863
454027118
1990830782
443211607
1256590464
32084074
2065953564
652384139
446383235
237486640
1056390807
782720238
1146008660
2100203058
902401237
1452341208
734423296
174585212
1056800810
1118197793
288572956
1131127037
1145748498
1020296577
645803860
94087397
477785053
671982460
571456115
267769647
2074598034
2000409979
721796765
1917945169
296137938
1978387229
1950029243
214607854
483287721
248928830
452094495
1539678528
1031649068
1598103155
1492397938
1934050306
902960716
79337586
2108635518
1959761526
1197535380
249724826
943404916
195800230
1270021403
1589208776
289887627
1747806456
113707588
861343743
2015576104
40821974
714270074
589889221
1958767143
1010408012
420792803
1761312738
1225015867
904080524
2010241568
1677110362
296275404
894406989
1127729869
1788673343
680973647
2030690585
1868010929
642125517
1842968464
918062661
891850343
638889732
1113862891
14388098
80614860
1403750519
1762194555
194322448
117610614
1630287011
235144422
831880688
72692584
46427918
1842288700
493485387
1807740656
919820919
1397565911
1670498577
449447633
1693841316
417421918
1577177503
1335031011
1098395565
1460384440
1055558292
1740521082
1155869256
1973620954
484887777
1794758988
940000197
499275875
1875373848
196267068
113986782
2069696296
313877682
1744273793
157357071
1145758370
1816966378
203784989
840563423
162968117
2011525645
1760384342
1560534029
1534540574
62348328
1106891697
1951962492
1639525831
294439060
902874409
952426623
1349997352
495911843
2108295880
1176134658
980799620
1755571220
2116134856
1480075496
1483461421
164918276
1594062278
1405674069
478795959
1190852424
1563031140
1624554329
860335154
1766816129
317634104
1023303271
1630858127
2078018447
436353652
1017915053
2140366775
1543245349
822393898
1632408958
1837684409
1725268307
437351933
1040198114
73696503
398164165
68849124
1054496123
6251738
37500332
387087971
1489713159
202418609
1981150250
747903580
681214568
1024519026
163451073
158285249
1884854180
1930267202
475919354
760673803
1413641681
406454153
1197027456
284073087
399337280
592789157
1106466985
2031746238
282989919
684251644
321614523
1323188033
757948147
719778689
1392037157
1812444271
726030427
1429537490
52048594
68259938
1631956099
2033198844
816163518
165687019
910234222
979614591
323972268
647604754
762398146
799891622
1408278558
28556179
1206345775
457822366
312629266
1605683055
1050611523
1419096251
1489945645
1333601442
2103347896
1811560169
509305827
713812395
383855210
1901342985
378773018
1109885637
1183396827
430821613
1178145575
667869278
316536809
1994309093
833556297
1226771032
826440037
1157528565
1874375786
1588838183
1957420188
1135170696
1617394362
1016282315
1592993062
1930023629
474481723
496120938
1201636232
1964427368
1829722380
1157500480
1628503889
191544560
1871312876
2012359099
2092887545
102602246
974761088
1128800724
533423859
5423015
1796670002
849960669
1999732109
482742651
2076731701
678688498
1640271216
1803623839
120043033
1450207756
791310888
1737437395
319006424
236820302
1519977376
793488147
732941240
574129961
610431867
415179973
1731630441
91452109
606724533
1455459669
2103811208
552128430
1558061916
931088649
1680929154
2091485775
936511664
1330115508
793962796
788760125
1812858159
723210849
1467448623
1305645727
379351041