1587491656
608369836
1170661929
1177445404
927376260
1407482231
549939132
1720864407
2140423472
1124069093
183812626
408119797
708215887
275264735
1014844330
16191908
231592296
1566972760
1574253824
1162680945
1100418266
1518255952
2099192609
283050126
164735100
740469087
2095908285
887945950
60434062
1254070364
1267296991
1647925719
1862440200
290475272
677887475
642332812
1697957503
1227826607
215713571
1690897327
204412053
399526198
2099017124
912627940
674790933
966377806
928819848
906383229
385866918
355590025
2069064174
1486285184
1873845977
2020773136
1769335310
2038581077
613758575
1717759947
779043379
674192637
824346664
2046340370
174634708
539303216
189331994
852522183
1181636029
1887289498
2080348791
1397349600
1430703177
137277196
1796875798
1382236654
1049905136
324183084
201130812
1978724984
1230566313
586997731
186831361
1152146840
2073282915
2060677338
1025436328
1695134578
1951774768
1639194903
1265410877
583334499
165903892
2089757541
482191222
340538601
481577110
671523216
1193060784
1663213139
411329066
1125925927
913079091
1842032244
1263203123
562471242
1076785250
165624611
886654326
1277916062
2144349596
2117220639
1864913793
183697309
1121883831
1790713061
96891000
2147320159
1338363991
2048665768
1639031414
456291220
484516619
1804935307
398565114
966707841
2145473908
880142224
1638231058
1191051044
395871715
2049560124
169493324
1308950806
1744108720
1432696447
1871422048
673410322
1598321059
610592726
1951326385
1595187007
580329718
1668756530
1778884316
1702213549
1311985943
1875775316
1702050061
502866286
1776957436
1193597827
959157507
113990408
851049486
1357722621
1080698249
849039746
90381197
571445659
2040090791
486252912
473522136
62100467
1795203718
70147208
1494796914
1519142119
743557531
945634325
2129734845
547400268
393337684
562580915
68673150
24738353
117310817
1380659094
1900513669
1819360878
1883525380
1529987458
865475057
695199239
1643977866
1716524544
2052921860
577192467
418080642
2143303057
1148638127
310687785
482072321
1622160263
372788252
129792392
1692307471
1867585167
1648934511
288381354
665735844
1631185708
835781622
1059073529
46282976
904454773
1083811882
163593793
137630219
836841903
1982954671
2021155599
219345713
700946080
568871191
1863323579
269986976
474309403
293032399
688067619
470128813
1441670526
998755404
952201134
916347141
1371543657
1081993526
461170964
1091645176
583444389
749552319
1757381020
67146450
1585333941
668970901
113429426
342305066
1752782783
277023219
479935285
442141039
112494242
353607237
661486752
813440322
922478428
377326684
1083427299
1396787831
670359083
1771494918
1866916644
2112029609
622766674
671634131
880893102
1994310331
1753627657
1342064066
938471859
189588399
2091616385
548369232
256734849
1529466679
1217340133
370164275
1871771745
822639269
647187494
204223383
1264780308
759681736
557830620
1926267060
1573122058
1480309048
156110096
509065709
729613231
826469179
133076979
449046228
791015140
755843654
1120680359
1671908242
602670337
726824368
866488661
1541142197
916412767
810621398
2089511429
1173147616
192604429
1159367914
1543311891
2064376175
1982007183
43015737
121115910
1099303843
802697473
678946530
878087256
228335884
11771930
1034197352
737401593
741385161
1860666532
870478573
1190431389
504198024
1626322227
163628100
28622619
81508916
890452469
895111280
1622651113
1806865236
1705732678
1564678894
832529205
1898337108
576563161
228357448
1815229635
411086696
271373186
1936345545
1510390540
1074070659
467808427
240994148
1302406543
479580357
1275191500
2039808137
1220965518
988374384
762803062
263913260
1492572409
241641641
427541360
1521195028
323150557
1317993829
268822660
1945801671
977375418
1974555338
1362996917
1809904623
1725408798
1939560078
2038262071
1393154785
203163127
162151609
1182016682
1713553667
1236222269
1649825109
1954547815
391145164
2129405466
1082255667
283469653
1202887337
2070630052
1046272715
1466800597
1415718813
1287914356
1894341957
789430193
1611064914
1064852139
1058252853
1409382937
2042227557
885324543
624896206
1704648532
463249694
416972637
1595426955
1856404479
620135764
1757578565
890937514
186205783
846317186
393278975
2140753598
1237462350
375200794
1075525617
1520932004
1578088131
998672021
419721071
897405080
266907186
1707635428
644263389
1056337379
1171216694
1709115528
2114590232
433115983
1603859437
852431128
1058012189
1161024321
1315680822
1474984826
608967629
1024601653
2095120590
219062546
1915539167
133842725
1065379732
161334495
127112675
155358434
536535289
1202638293
1676290438
2114623420
53826666
2096011510
864544852
320733853
1656163290
1508808241
1377071232
679896336
1070440122
1344177817
1113012319
526815911
49125297
23540860
1687840233
1364806119
1498525687
149324214
241924124
1446162629
368386760
9979644
1580005355
1433766492
171314139
1707118030
1589124926
707849428
762272675
1117931717
674989200
816099342
1066459579
1539534052
1136833195
575139221
900858645
366420779
1255035557
1971298767
1710598596
220564228
350631031
1759723893
244105088
2038471264
977046364
1742630775
40311830
1218970489
1041309757
408698590
1228950133
473831464
1842465082
1400264272
33465846
1284106360
2108113700
795738522
254554429
635619252
1611837864
1321014008
27669656
601187411
1896153229
928528301
967608190
1003705138
752343421
530723139
1224269366
1102974452
142963384
1468374455
993962068
1120009749
1063521582
1034273898
191496590
2104831339
1442972488
1420446723
431179155
1137953922
673227347
464645002
274576634
633857399
1260383524
529131064
1269476651
724737740
1850145072
1297146307
1325925151
1598814654
78190960
146049693
455036144
830534381
676772832
1679305511
1933508833
819736217
1000196318
779987253
1939745966
2063717900
1814261151
2131242556
2021065592
1109749991
1404205631
304761099
100220265
2077432978
769406101
374796900
563806729
2029789625
903927964
1833283380
607043717
606589388
982946039
1932968868
57920394
1061136999
2079018562
512956539
1891671381
608307746
44778402
1677696566
1428043963
1044974720
310200172
1220306281
961208972
2124461323
1204065189
834790916
1086727667
460787172
1139552016
1186947932
390736502
1908958117
1561744832
954543231
1791264095
318189148
640342963
250824164
924778537
1623289002
36309385
982698931
536942354
2115327947
1495655470
281130087
576152045
1540433872
1958826653
2004196009
437924944
121543177
1077018642
1399133917
98520853
133600184
86441185
1185248520
594387356
1225993201
224712804
985123859
987467671
1786457637
1939667090
631248118
2104646785
432526406
882072282
881941674
2055815408
918381667
1864640606
445274114
886225966
1212812428
726404201
1462378012
605762653
537747207
1319090373
1043687597
659290384
248625367
295337866
757811237
382225551
381779052
1943059757
976612908
1607772253
20288914
1961736767
447756276
1806746551
1753920209
1079004394
1763909688
38962967
1961076677
498367715
2094778376
731974696
215524673
392568842
1618200663
1428337101
1118973044
933095027
2034099754
1656720251
104701752
930303704
168526987
353327119
1225641570
926338225
735552671
1607420622
721914334
1712165579
1067709228
742203248
1526418698
1515465504
401466151
1132855259
446986251
17892192
1171818227
260579280
516259907
1119112955
992553976
731784580
1511681797
463270991
12638033
483171193
1396366018
2046737788
2139891444
1501067770
829557844
160934784
1854394890
2055199414
1087273009
442463913
1515136389
1809187343
7145844
435361969
403906944
1533564542
1950827473
805373095
518936153
250330076
823265287
1690754380
510909356
1339525194
662383687
1503463333
2071309774
26581837
1966734324
2083947808
509753030
1215616695
1983201948
502160827
569200817
665276144
663095611
276112059
572991910
1750368620
718575972
2088128299
1412072315
725721816
376006620
1815979259
111802710
179350446
473868707
630738864
429680522
1297133994
174009596
940589879
489175541
836393284
296569564
413001667
862975121
115820240
349465827
1372728151
1331436935
185184127
1874888978
1900637753
850460271
390500941
29266164
1423452182
2140869561
747842137
1364096833
1405458229
1473563953
1740103454
1073953840
1585366664
1919453900
1547822547
68621880
201650774
697472894
242631476
1142240653
1186648435
1079024760
1438810217
1599650102
1941999881
1554630458
1949115930
1167244385
738583745
2134300057
894649715
491737850
837276681
1285150657
521004015
113245215
1278536570
1268846152
1477342048
536511151
594926457
1069961854
1610464992
32809473
841932106
1010803891
101431353
1043582881
1708276785
344062830
38339886
747441572
1423087590
1477150104
199608027
1217603824
884296914
1240309
237364561
1622880659
2135540366
1132014276
2114618510
825333399
269681285
488138877
938578614
1548217856
1756985029
268437015
2084729007
204427838
1338398869
1547710351
237237312
32847328
411030595
338668665
1076430209
2119307380
682731495
1114770095
719265305
2105819086
444436551
918873332
1175939262
1328733465
920113641
1413303823
804130477
908170359
397834451
771265339
1733503759
667515737
1259404216
524598725
68249945
868905597
793035740
5495304
1073333435
2131434610
1553205656
1310570747
16798290
1964236251
1649239413
1093228499
1936059983
184487260
60514946
507841640
142822698
504951498
1426714972
1318761960
1833684963
199344965
584582135
490331792
1107515325
982416587
1261597131
693535436
1649932324
373517699
1218134161
1718182269
1242423296
2011169902
1723677573
168273084
1995120864
1129399581
1478843831
2011919154
946152184
980599596
957664005
734728520
1165086857
1018178951
1242570160
1307909555
1523130449
521801485
479187868
1209331765
721146450
1063770003
1699663557
1828661775
2046186590
813777041
374713563
1548635266
1187294740
1592847725
1119333887
282234389
1456533979
695527813
450507473
1304171195
1824927394
1929351304
1168606701
623595931
762467253
2126270706
1358324451
1927554110
996966009
453410963
1087980017
372612811
975212448
1567167885
1581944576
1696358899
483454241
1134124485
1377537026
382157183
1947901526
1752250590
1930792450
987712619
1197614667
902642689
1269947008
506664998
1598170502
1720454481
1810836193
1275614249
1502322137
831959246
1899210180
117305742
810746304
1110050983
2044859852
1807712313
1563461946
985356222
32841476
391190747
405040459
1614786052
2087549646
888494700
601426890
1317603024
1270651884
401844768
922369966
1053960686
1389557387
2119984633
1956603375
512020747
479165983
1407290230
84991580
142518528
535420831
1587313718
974477774
287147363
1704619460
1785224078
1397198346
1601995665
1445452744
813176644
439868239
1478294220
1204367391
844908698
945596625
1144433389
1733403399
1547023515
314552766
856571635
1948868283
1236922732
1910532321
1190942023
1209423718
1719652048
1702962770
1688589701
979458630
1787954351
1831108230
1514879461
1227784421
658102356
1802026824
784920233
295842787
1051741522
239432250
1741295531
1864918167
679300489
1072106103
921801910
1524209188
2017702728
2066235300
1110128939
1417242595
233304418
1966700574
1218627231
1470227150
1729749247
262085606
532167220
1301917647
1965048376
73273274
133892630
1605519079
1904381504
1648772091
685819852
415000212
1303315268
1470740086
710842999
207573142
1710172336
304654882
2072491309
241989178
1376760986
846809572
1766198366
1246980066
765561224
728843657
516739014
998865642
548060583
1735366245
321609144
130326182
1997451851
853776365
1432243829
1815016579
927049639
1566136459
1273052011
683947495
1067424903
1958871863
1098947707
223256523
1282128301
1809790707
430829665
844816990
2114445589
355837327
1086806168
1343722927
1202646899
705520886
443219346
1968208123
1434364543
959958360
819590117
1982425126
547840957
1141199261
2112751308
397809160
1994975626
1397511489
65342091
774541617
816164301
1338394102
1458489112
1883589204
1149782318
409953172
2106845727
284426971
72260231
390191744
1129243961
39222172
746029071
68566481
1382945100
1948675970
774087367
1826164446
1769400445
60968262
638639158
441506914
2043393388
1186480115
1582706176
2008661048
1584289275
1430198154
1258688890
1649631366
57256124
2074853191
840541821
1515745236
1810958747
1990324139
1925698408
1770320826
127267462
1997958639
13028922
1256511424
2037180812
759057994
1325077905
1272642264
560250316
2099165273
951323062
182167114
12649887
1589962220
623674028
2056043276
628958687
58896556
1917220676
65764314
1489094711
1028425918
1715395680
1546350835
955795461
408453853
914612423
619270560
251294344
692827184
242107738
378561807
543302175
255136661
1635073231
432999339
1014194655
812667488
1705641603
1574444971
764349113
509481017
1756612085
776999001
2099443237
232802466
685558629
580918276
291699022
455295657
646682590
1780793733
1483721576
214594623
1179660920
292033389
623048476
2094273344
911303950
874342821
639616880
1153411688
1252904628
1182919055
1408548349
740494211
1615918395
275259356
1553161699
1174076350
1849704328
170027165
1683557368
1458832765
947026166
1635516957
1691635231
1632584795
68951586
1983334254
2087880452
715634176
1616644339
1424118380
930228799
648821612
1716151770
1553277276
595611308
479972072
280136449
1235228188
1633383760
1533041077
270663595
894448462
126051640
1886581990
1169707818
1679213339
913174693
871928498
1849240504
449248413
183277616
648783022
2084765370
1874912847
133884169
6233308
1710763453
74280974
721867485
1179924145
1498399354
1652096284
1828745757
1067067476
1057889912
276873417
1547039548
1338026361
1512101605
1032939661
723583790
1782765200
1927388123
849635430
1521863543
949612293
381365122
287554588
1821540792
83121978
736803001
2004818408
731905001
674084723
1732247607
865789170
680318032
1295527413
940070144
1402185517
327967910
290985851
906798153
9230019
1358053327
1964688066
286103436
757609228
1155230779
1798205041
1790548889
1878814570
1433486593
1570453364
580966352
807866488
372582009
962331474
1095421076
46639153
1045453453
1832224077
2051457561
1777358454
358825153
1636221521
495663976
1039143185
784265286
1435734121
293845054
1112233196
1726719972
1200643207
1121463215
937289651
1017847625
1407566651
1694898879
25594757
1058288044
1337964120
1904409327
344290989
760933836
337892031
1152157478
1133515846
1300223506
100094906
1180154999
198193311
1932318984
1084128913
1975551765
143660489
572866786
323732093
1182803674
1357132072
1759466214
1476648728
321881620
1338702538
529808287
1443344835
128508542
1547655913
703427838
1823407421
1573250670
1761715882
1013887894
1330176349
2106006871
1774821730
1668068380
1110680701
760853928
820808238
1210775608
1941008928
1019001549
995610944
877654193
847069666
1139271433
1450520979
1170801760
174591459
660169403
782784326
1651240187
982051023
2121486865
33564826
277912210
102511759
1581220739
981340048
1925919180
1006987761
595572282
792323426
189680462
554095505
419661509
1857748843
1664776207
1180515437
531073433
728068167
974040717
1550074983
1723679111
1851694910
249661001
715466896
1154732241
1420462761
890058355
1814901644
55763440
393814894
649469019
29766657
427379720
927381229
132278416
2008600460
1908721277
2058197596
868104573
356809911
703037375
1057785036
910905417
1122698884
768050231
428197976
155730673
1299123664
1156266143
1129771391
701714999
732461606
833982653
951376001
1447928502
1988714895
224355114
190503209
1656132891
280118554
584318103
158118263
309885211
1011697823
1085499492
442163627
872814635
846737122
352877576
1740919209
1203547033
1055914951
651220597
2114452450
31130187
1419270828
395166778
186860860
570910844
1551432921
1316632251
1272625844
136410879
3131257
76518197
1584339381
1991846152
300873311
1774842590
1500495395
580991866
211677045
1658613658
890877077
1223374869
596629503
1333040705
2096189504
1443366625
1685918281
1689625065
499430010
594349584
193362014
466398813
625479771
1612632842
861565591
812340631
36060039
265514865
2128972883
1308685883
401925744
2132104140
1385204080
1986265126
1976466644
1686077391
1613624068
1329478391
119585609
1825301114
840608402
1010462687
901192335
1437237905
196019744
849898191
733120882
1881938025
392039609
1232550892
328803961
585401623
1698949705
954283732
50550818
413031649
1766624363
86610857
678546514
1748113598
1395296740
1080472258
1732734090
633017172
919253736
1561717086
171610915
385394157
743711830
291196525
63211623
1584320232
1301659212
964403958
874074489
1497678956
1814302149
1607195371
1232133333
58858110
692262615
1560937294
644259734
243728673
367737378
694810552
656760322
2134361741
781421409
1335306836
1734991692
29234501
268295446
1320242134
662251673
1187549183
734475573
833862588
1572943340
1478187403
1125059113
1636154963
915023987
279234677
453075273
1789098476
1776913633
119893774
1248810199
861563318
178751885
1941072814
275016964
823011619
37317839
642754342
1517822171
694078161
629632436
151759932
2029384997
217140480
180994433
150196796
1537382614
843246106
1337745979
124374539
1677108694
763205671
1602561942
654684160
251876986
370102281
933918837
704952259
11717109
563348823
824846033
1260527308
1424912141
1003597918
1054116475
1699929106
1826609537
1091434314
195199800
1196948060
1785512476
824832236
1348707992
1667413825
1041972716
1529702425
1817610621
431871683
225464883
1007872952
556246222
1902573578
1771078623
11324517
409774090
2022955609
381426798
1343692927
580424220
393143908
1907041750
1405270254
1653671216
1184470244
261384524
560304043
736915702
2087994062
1651738358
932115502
1137458474
1289767186
1756947739
338682819
809697363
651436807
1868385244
479824337
1083308490
2093850128
1487697289
1639554713
1848940058
1111292265
1650879230
111230500
986764226
2032306028
1454923427
1567188447
277966288
1214481530
824975053
1931637505
251468126
1086359577
344457900
988383828
1026869991
1996196258
1920499330
16844818
1138479796
1529963421
355527637
1948177160
33916581
76429233
280517849
1117225071
22795713
1768215138
609296136
1871735771
732023755
112691718
1982966271
1718787982
2144997747
1290406051
1138492781
275480387
357403933
1963467834
59634244
608872059
902343763
404092145
1597255887
1929213755
252804755
1370271569
1946058573
1391284552
752751343
154102562
1191978064
786667924
230531795
1472495913
1903892995
253327509
1093227403
365705484
2125063280
1825251159
478397202
1960545904
1396555493
475911301
1103468307
387564626
751391689
1460872240
203548812
811025933
2069744299
1105892575
1215118078
1519516538
887622682
1467922834
742304459
686197607
711723738
1495055802
840300169
1903701802
134240078
1070831965
1228714067
2038133074
1324159474
174457822
256354910
1301739106
1999708981
734752112
1114801362
1248780826
1210663414
70786021
1636345452
1962055103
1531658261
1839894264
625597388
1453918912
798303192
1840715467
825951802
1685925874
1161154653
1568256262
224639834
1872878391
915828416
1064940003
1629096545
1050068495
2135771968
710326964
940717921
1312447794
884784786
1197072831
466703253
737010120
1931824943
1581504615
1985790946
995004709
1652290637
1474652751
809576164
1036465250
1167063367
1435173553
342900515
1965366559
1128405372
1168852317
1503808786
142076377
589624931
1728448620
2014954768
1505453348
645904975
1496567665
408038195
634193296
59410981
1348756116
1946641090
944195767
398345299
265860695
1681205887
182686594
1847365311
1519513186
1177691304
1352172300
846682289
1987267468
241153902
2013745656
1274957373
584054417
1831628568
255879097
1752906735
1187953706
397955474
195048018
768918678
265426594
1700501366
1414823653
1761994259
2108539561
2049016949
1821405240
1309812029
1848174392
618117360
1708157328
2114035087
151839599
1890843923
1813916750
1671352785
921051579
1018605402
370551426
760835399
1259759305
236813435
2035792773
1843813722
2068442003
144188222
1449236809
1108912061
542143697
1644284828
1877830739
807570291
1197302546
1145170744
422080903
1158358460
1046704046
96002495
320686841
747394790
714119855
2028844170
713946229
865959455
1772204445
380379332
389828592
545772376
1398984734
760380019
1306607775
511260391
997193454
1194916900
207590466
918151809
1339105123
1656827275
2027063870
1881248820
1153628455
1757410961
541335463
203447354
755098057
963416366
1361805814
1801802103
1059418862
1682492655
401713245
1773538717
1563853177
1115659475
492014524
1188573974
1496038807
881843117
1734346350
747539893
1642223136
893470478
1258800285
491932942
2088387378
1466390751
1410084751
1280008853
975734378
1289664973
1013774025
2129362834
899592286
1555109489
185326540
1654690343
371042207
1547132354
1309008799
1430461069
1082141361
1710722044
1056516139
498510891
678897871
1548530663
1687084865
27453030
282890132
1273947568
774992924
1925113268
19934398
2033793209
269562562
2108321776
1352700312
1679647313
1240846982
180951042
821828638
107137359
162830228
1721420924
1662246848
348156768
1228627620
2033289056
1895289122
390152771
1316266477
829946836
2100874815
225298968
1328457727
632289039
1773829632
868058944
659742069
2056719764
2142006512
1434734993
1834349385
14457262
1321044554
2103911947
2122779039
526261218
1636075613
1216142373
707212261
310420603
1323279732
870042489
2031841528
838042933
1218199258
1112985500
723848341
966004732
1503138271
2040114818
1795951568
1456529438
117930139
976925647
2088818477
1891759771
1844984592
601076899
1800995887
1839507456
2035811892
1487861624
1853964719
1209372799
1444289924
1829260110
1735634017
932881889
897918835
295362630
1243302492
73714919
1165405120
1127660372
911757852
236120730
93162224
1635606193
1202125462
1596300495
1528237364
850593383
905346286
1646167503
1827519030
846681115
1390443626
1525019974
1447758014
1043955865
1217043783
1336086259
384333842
923524854
397975410
1828623766
605301316
2133609427
614022007
1503220151
281488410
1857324499
1576935070
1446893530
837501224
341209275
1683014260
930663448
1976815468
737656074
379480296
1357569184
1588249457
1284826582
856253039
1268284840
2131507697
99213017
645821166
1431782064
1143168883
1862864949
620384675
1527502725
638906155
1018360085
1208642843
1244207471
1004485864
1822664850
599943974
1285974274
1532505701
29395397
585384156
222523277
370604672
120914768
1153186726
199936492
858570843
1532667022
1557505677
299336652
670009956
266275068
1567621492
654034005
365488086
65959011
2085816069
1508656969
1928823960
558717096
888676046
420246468
1577077181
2097318889
1664453939
434079398
1772500091
116914266
1720053672
1157522144
146309663
157954181
1380045422
516914335
278868949
385748500
716850827
1137439792
1918415522
126872856
1436776445
440941830
393147925
856914289
1094975835
758636011
922873300
1033308257
119809332
704213613
1592025353
1008485378
1124460081
1021618887
958320619
641430372
1455698285
583337062
758344638
1028268309
1740859206
904654301
1186222490
973420980
1421568636
1465091440
1359169480
2138419464
455047584
1130101354
117808672
1891824029
1571043184
510956597
601254671
518535372
1269592608
1524127971
1551843629
1389401940
80857936
996385334
250403670
1205318017
2018004221
1208724289
1846748390
1326218858
1792061351
457609380
207003520
1385436910
1362263682
1393226010
211374242
636348670
710833802
1570543723
627284486
1165881387
553161429
745093159
910221768
2124204614
1256049756
1511476439
495256338
378158717
888120763
2047099967
1767560657
968978699
896001653
2017964328
26813069
766522227
1079204969
1873561459
2092741085
723782673
183687191
152260957
2109219583
1545950873
1545486968
173110177
34815896
108837122
1743653900
662100382
1274718509
149331682
1407193541
37456630
126052648
515759650
1548933069
621308986
893918367
289570184
520925305
513995376
1258548884
1416926958
384476056
1285361953
35965537
1463681026
1011439764
2128706623
39980051
1195126955
133483932
1715986
593594181
1678970900
174826163
628410077
1787808023
1918480064
1290510459
915042884
2067811746
550220353
952499514
46380746
1065980003
353948936
667689732
1959898370
643519120
1188615037
326410098
1902068004
458058347
710886155
1039946309
494023885
27083533
2051386073
475246860
67063584
1099029381
608730792
68779570
1692623562
140218045
243605733
173549991
1928026068
14602149
1464060450
695585304
2082413895
2014280803
1648084819
2128794641
932777158
2002033755
649000725
745191880
498069227
1837615762
1071601979
252653584
148190462
1782488134
1292599893
642214347
1809571667
1196502319
1117461207
1876635251
148048052
1726191999
1945414821
1840671614
1866410044
41536906
2014221605
1646952464
56139056
1330798407
195054121
2138552951
1197595563
1843138940
2119863945
2130372721
1697689047
621381022
728080954
48274626
311513137
1799682933
300928210
459703599
1434687419
1593528104
1101917946
1096775438
642546775
71895505
825927041
790594827
1798087504
623858214
483782793
1517013901
665395120
350520750
1016482717
721534176
1681319157
1211536838
712603480
731431072
907192130
684983777
714320146
457397529
1306364799
1442401100
505672156
1617877936
1094600385
806600366
2077581535
381804156
252644822
1032015833
1478579594
895191597
1103911338
157022987
1685786424
754515195
780881201
22085569
124045448
1446276321
372606319
1140528165
20326850
2053925477
204581356
732930330
637872901
1111773486
1417914107
1352193047
1569171016
576795258
647110499
2074843172
47189547
1741710884
733959890
2124771082
2123515040
986604713
1009303268
1454610986
1881796310
2113214606
1611633973
1420099087
720246153
245031526
1442184656
844291601
1691307848
1814790976
1984819767
1711634698
1721232805
41917475
297081380
211622058
1153690961
1714995487
1563815106
575378329
144307097
63441957
502737853
191496644
1805152842
1236697744
168784079
1781184234
75818809
1178087347
1088311573
1957615119
1143818305
552461898
1230230558
1864064459
797493425
524931567
560872412
341317625
192238895
398208531
2052952323
1913471700
440126006
202550055
2125093758
1593816968
1917545542
1541425216
21711649
2061852639
1604867174
524449503
105865636
1262536368
1761147247
274649715
896236954
1836966056
1452737062
1984548527
1647097527
449071719
389526778
729844438
165652530
1187020203
1254776005
726524943
1528337828
1447014900
1124733474
1433806503
1213002952
1564859481
1636356558
1190613062
1011192801
1406418452
584554631
1032904450
1320787443
41938157
1557353953
1426653079
1304474525
1171017552
1701302794
53227831
860499960
1006556208
2037776359
360113840
1455627928
279819489
1089958278
1621280458
1466839692
197250635
200321753
847693872
1644265535
1325055228
134016727
709784839
742431061
1770373285
1900397901
1753623862
1029308089
337468884
639044664
202611884
379407041
48914970
1629264964
1683881566
1219932522
1183084110
1737109398
2080432483
42156671
1627402109
293062675
1497784599
1907221598
1383020953
971581409
1226577642
1580271588
1171903163
2074271514
1077053475
349474743
60804593
1786838314
1091905804
1831177878
1539752567
698046018
713002319
1877221452
1337090682
915614203
109144845
1386005652
397395519
1793026412
458454527
1580479630
1382652162
391403362
1622636301
862570623
684466037
972937252
622308573
2067486990
1944518661
1848886215
1500274930
968938176
1775674081
429844757
1318412919
1836478674
69199423
262835075
1520172904
1608951990
960881093
85691575
1338689794
150488128
1001305778
1447834640
1536493780
1398701298
1093377404
1994948307
831697280
328545918
238868021
306849933
1191116541
923334058
1279787185
1813425114
843337400
1076822198
1514827681
196128682
2045760375
1143018114
625973439
1216689646
832013140
695172862
1479524722
204702396
156641205
292922167
290393971
1495330999
443410295
1291699749
795681991
1979904076
542917399
1889059395
1827368735
1374614679
70121665
2066236757
1681464612
1261238206
842087167
813768149
927179672
1685424568
1890590348
294523705
1881553250
1788867075
1437541819
360043042
858073073
122071311
1055215904
190114147
326773707
1211857109
483036315
617167678
559704461
926446610
1908867428
1355386452
758867038
304301179
1096962200
438752126
1678915859
1167083865
357505235
1212896823
280838424
1199592402
2026664973
1208018096
737533322
1769771673
1502541802
471602925
1411155100
792599973
831645967
121744525
914671285
1886861871
311858673
1241444992
951235333
794894988
1858612671
1510939794
1721341598
1619996451
718842598
332724989
1924297630
1815804798
771477115
1455729841
835405016
1128982350
521143017
1116243440
181091104
400324342
176777888
918624427
22612367
1679319690
1390227352
1433767467
324436016
74389671
1555511992
1239107301
1961251542
1867370665
333068645
765003227
514782005
44197668
128459373
88639956
1664194119
847301972
421364945
1441008102
515623122
1192842060
749254295
1351028138
174340762
1270397312
319787930
355431866
1670721654
496565819
1274056293
1693334021
28401861
516799997
979617840
352837877
591189668
387646185
1591945178
404957563
107533202
1925013824
1169960790
622315208
1969211492
1298420164
710955164
1485921964
2145722136
1132320109
779446418
513861610
177678521
1528700713
1864889749
352019283
651614378
37194031
707451149
174852384
533759850
1981507443
1868186406
562161712
350823792
700320598
914999589
942013461
1087966783
359461120
1346971024
1195499986
136991296
369448166
1817815194
2106202788
1667868330
381286710
1444641104
1666106818
1513606819
76603874
32484781
1691285340
1605304588
1897374530
2043304623
109435318
1934568561
603272124
284287702
320844764
437295919
4990460
883006476
788119712
705311059
1798006065
1730133173
1793277842
9983537
929620549
841294180
146974833
1299068715
511625726
105693974
819453398
892912436
1550335078
338076568
259035607
1626938953
370561349
1950320947
1084759893
120452231
1846141922
1194195211
2055020793
301930399
1478482913
228381909
739226318
1483473374
1111388385
1527346030
41300785
761910802
1109995555
1834578627
771894340
2039616104
528389160
918869173
1191201172
1040014886
1024563147
2010654570
1932927323
427414578
201247490
44479282
2054353531
571808840
1994800230
991629776
692261071
1693458504
38341339
599798216
1995388903
1516824252
828180125
587131574
852813978
1939568510
2114477604
894114763
553995665
1076989512
581209743
1325890005
969121968
1109598903
97275530
12839492
2130141
1121838678
2023494062
1935057464
1549253256
77257905
1979536747
1456123139
649066745
1826853329
300269267
1341327816
1372828185
338610606
1941126033
1220733441
1855434858
621822510
1807865015
560765189
413907373
1774858971
1454879952
967903038
704364835
2036089695
146309395
1673486804
998204950
243584925
1686326296
1000335092
1365423603
1562336711
787908908
767193211
1639594616
619962007
75832702
141177713
299331688
376101969
1482505529
1672159874
714712575
1276147914
745409667
422663786
1897970425
405791034
983428975
164394150
33166357
290825279
1132297188
737531193
179431327
1278606583
263534349
1177636277
1522191508
1949860645
30487721
740131464
1364713708
818396630
1507324675
856824676
1438358637
1583157378
998002389
1737690326
1959259347
333024271
1262366552
526488275
1609172185
2007776219
949152061
1359658962
266083605
1932581036
1524053112
299249962
75922667
508866652
1036781155
255353994
1787473235
1300315504
1432990272
1162181096
1102692502
1463477993
1902312560
319922562
134390975
1262153587
1176747239
1572749613
697827317
27265980
1162956291
509603017
360290251
277839195
1036091292
1969462437
138131766
1985243353
1181637751
404215371
1770340741
558207216
703465333
1846263408
1067073868
1740246489
2101617403
707063456
893078345
1387124027
1869244552
1995770847
703118372
1624073464
168209762
837509348
738743403
1344957001
262775313
1436570721
1372222981
1425731604
1946173738
1732513233
1703570799
834781382
1554492022
1841702565
672541087
588646125
98434288
295398180
1146853341
801899621
2141661588
66443562
394662462
2095795343
773507018
1287740808
1335435722
495267922
1136028007
2038554095
2119341386
1304237769
728579795
710601141
501711122
991355108
2147171862
1873934104
269603064
1945861952
1458963689
1973173863
633159686
865972063
1667392780
1305700773
1454618188
1765827068
1601098953
453987882
420243041
1595276894
520431444
814905504
1543588589
1293938462
2102646312
731540664
1789206384
1091190671
622611111
1761064122
247944793
1351190906
324181615
749655915
195062366
323869830
476106371
464665430
122248134
1935070060
290355645
755407821
653558475
1957748425
2061108594
2108176664
1576091845
1514723900
414680898
1996334886
962517146
935112342
663756742
358622087
81567156
618919406
1090162751
1870773540
1710110078
1712773862
1484354014
1958054871
916481120
1808535629
560227138
1111543486
2132405459
1036333510
1576208916
107169946
823919922
1866564561
862577767
1477478398
1676829338
776202713
1438171414
1105437535
143442965
1852852312
954288774
1105960111
640481006
1618045516
1464582199
722048162
89481275
407261302
445338054
1799591353
2120035165
1929692068
1610162576
889032637
1590744049
22906066
2000576124
1575665861
1059239576
1429301392
1682835807
1883159499
1148382306
397929926
1213154249
677727996
1174132639
503842015
1783165532
1317575605
209210679
589970658
276052068
849691685
60532526
1740634267
1571739847
150013801
411922
2017077901
1949605154
2120447087
1799286321
1412284082
861996076
1242546722
1435190149
715088552
670728935
346946077
2144389945
206081094
82621928
1145288603
604011020
1295776177
1823016599
1778143660
1799618192
1458698483
948235617
2008828871
2048669141
1224287685
711036908
2109201668
817438305
135293107
111731821
817850227
4887360
2061336976
790813666
1804173681
1326137410
1652809742
899236756
613843911
220414647
1569965691
960789989
217320944
1776046786
1043411917
1362609547
232574158
191704447
1038142498
2010717818
1991322639
349357334
811469787
1852667863
250542827
2035757473
416221123
212260847
705712130
551514231
323992669
1523562357
556401591
237845997
166892375
213091625
1563983407
1819702117
1112328381
30343671
2040116764
534810424
991133660
109954060
163373562
2034545577
1472563607
395947721
78766376
363222458
259181891
2070089016
712579792
1070651679
1775273231
963122619
958925504
44010706
1175383467
1664637634
595524937
1499376136
1040716343
1151926529
1737222133
1207608718
1365018154
1153721892
879827187
329862887
1184065563
772460304
864673311
27715575
882414364
1028046874
2062261153
207494324
1423994595
2141027529
570716782
1683176486
2063632897
1283296574
606344517
1691422480
98935545
1565270021
1735433187
1274319012
1082424007
183474476
626211500
2123140350
1335401005
215949985
1183265420
552935511
1369671878
2063092608
882798398
406253793
688069264
1747471710
433969369
1570483628
628034936
348746874
1777977952
2052029531
342290755
201211086
1587722369
258440005
1484507660
46583239
1949862485
1583443206
1611853260
1537812024
710278570
546793620
1721286501
1336490071
522450322
909203858
1552440056
1705715743
1462139370
774628286
1621324703
197454120
1180882080
161910319
1944925830
1614851449
1732393947
425477118
1963598323
1362888252
330023001
158405430
1564099338
1917745371
416845435
901123351
1964328610
219224273
337082909
1428698222
1757036297
1047361479
1975491842
1330839150
236367902
350458517
92559361
1788807959
2056174260
1554698731
415952597
1530015315
1752152851
1596834677
1691925634
1549595034
1064202478
1276835933
1975072152
880317153
492240537
157611506
1038722584
2056339876
2075356877
1455568019
809979579
1892201839
1674792292
1147062488
1173416413
1284344942
46940319
1001424608
467700444
283308222
1351883125
560259805
2072116181
1260573737
2114958536
340585130
643105404
1719627740
1937419808
187547390
1121739126
854138638
1464383323
949327630
1734455792
1956623861
1106939136
625694728
1865480089
1034812365
2081262747
527976020
779530556
1608571392
1675038508
1952946970
745432686
1721978827
806887930
1213133130
2005287049
11287407
1773392936
1929919582
1271861144
1740867824
123021065
1914966548
1313011916
2060440873
2102513938
287267394
767095863
1419413613
1236595025
354068007
1228553826
196050513
979762735
946550267
1230862879
913541835
1474526287
2010393435
374629579
1002081147
1815856757
1120062265
576576327
475261039
185711747
434379728
486548446
1959104683
216815663
1758409590
1552488860
339836728
1525892490
718017128
252793953
1480922780
1005284523
1019889816
752852746
94395900
1373957824
1981406572
290446413
206236911
780473192
1521309292
1119778746
107515831
1384219080
1494408325
1109596979
1052592189
466986942
1686173306
1527853229
652698690
2120553034
2014401675
464319725
189885049
1625327618
2016808585
529721777
1003736460
587342066
782515730
337175593
1592626589
1802405547
1090028339
1687022489
1028879723
923951263
1977468902
1235116634
1704424455
1351294547
207411733
1811940287
588029979
1701820058
774053618
1640622168
21323353
312743276
1020991749
674022043
285812662
887909777
1138341768
475697712
365753747
1007666706
1005419489
1369490207
1595008772
1787935220
1706665800
1040151713
1442857119
649210491
579690554
324253194
1573161755
409675808
1559369828
1130102562
1760970355
1766781561
794559201
201516686
1321117972
1568612819
1842138855
1342441325
1881356095
715646956
2016463368
19685110
1603556733
1007321488
495382822
1969310480
2014988194
1500802311
1191317040
1462513318
1141253883
750499192
355181383
436627354
1399709684
934871937
760880548
825387791
1344547746
172766729
1955490353
958034453
1939548290
602565907
1159551140
1113182614
23695078
854206347
308140291
1905051174
1569853303
177120011
1924736284
1025926389
1184441500
272635458
847753221
1051946046
1773437769
2039070261
366975717
767208005
642085806
722157100
1203835359
2041795490
1657029038
1964715908
719699633
854093136
2137482637
527706338
1812127589
1929547279
1130272245
824195081
895246246
1153967324
1678401428
1203386537
911534850
1100771084
1380506549
688787486
2126697473
417464401
961422944
826967046
1469410447
587377065
718553660
1836386164
1354585070
1360639466
411059617
410936782
1254951308
2068088655
228169042
1974650941
774698143
218168031
354873631
439342084
231662
1485145877
1263537166
895477908
491629553
794454946
2098864446
1403164403
1895226030
1331887347
2091951889
1874439855
1749351748
905891185
553923254
1071278547
1493268250
1272476914
760181064
700369673
485632732
1171240681
1111306455
1740584040
1091845688
1339475497
1567751333
1866543831
1557643528
1922624964
158402267
1557875190
1260287193
1421939433
305869451
1751916746
68910732
257250249
1007597501
1964136762
1589137596
952065742
1691092970
1191005696
1857956927
97532576
114800595
1203741530
1370009490
874981659
1904111203
1855642222
2046222340
867934010
1448742614
990584380
59925859
869010299
709644563
1617569387
644151615
868046831
1027960929
1904438809
142502616
1333830380
1508871907
211413348
1591080629
368985761
28066463
1032734577
1321051503
1719159433
76256625
1031524783
1816692009
191057221
87782665
1039217851
1066038880
1991893868
747376425
964777573
712344230
48635391
1955361953
772270089
917645690
517522869
242355828
1561797305
1385569700
1270316757
1318752466
1528072316
456663490
680140726
1739485665
2047744119
1049126487
1767552128
932995049
222694342
1339227913
1009251674
1254219125
1008436274
1200308895
1342001790
2047654125
118864128
1186412010
647546902
1083641701
1898756240
696182293
891520006
523542681
1613827983
1409042875
765898509
1028141640
647128927
2036215267
199410459
27717596
345395109
879551185
1767203261
245655580
1928677672
1387271741
1178650629
3888366
579016006
40418656
1258107492
1587452280
1240727551
452625634
1487622757
1359591679
1639037645
2135169659
295749732
1390310237
683868304
1187269739
1913852919
150212639
448828966
532267780
1178354279
1095957894
420999399
1377764738
1123675490
766394508
109832275
743395103
1012050089
2038509947
2130666844
43217070
2042398314
562199202
83635726
1153022158
2167834
1324363278
1605647792
1489790591
536471309
1097201789
1477476602
832221042
340028379
13861258
2019490781
106397650
164073897
320836099
638665430
1342428176
1416793993
1059664830
572709267
392985835
1826059338
682541542
1136380938
690625779
573567842
1119564134
733842850
468482508
1681763336
817478576
1621504666
1683931170
2141841854
1079668810
1026238113
530829516
29386952
356231067
1363050558
369415331
370092325
1235057691
475812981
534166222
1555893790
1114478411
1876594399
825204136
26659593
301820018
1218189971
1852718932
984361560
207087262
395861063
1557929402
1326651396
1129703913
2026411910
860931085
1947182490
1500432928
397378607
1941540696
432618091
1423616721
324886564
462005043
1779847788
1687937122
831420374
2456466
775511165
1307233355
536622688
183921308
274228118
265733439
1009125444
300887712
567553457
79831767
6122996
1551915018
286919029
401984059
962360772
1613570426
1531687973
841289035
327017863
1331386815
194238315
724396470
1125443863
626856406
529543
1450330428
1088861449
1780377332
990783902
1920281823
1782833798
1766295068
1080031530
171972838
1950216376
1354259649
437706278
811858172
1655147361
1005259735
891689939
1661270357
409691105
1178608969
2063254416
1372051878
644695747
1447458741
65857265
971713610
631361908
260095580
1696110080
1756805772
886951987
1696639624
1059652552
1975813436
1329533308
2050436454
1748611612
964883458
1669247874
681159494
1136856296
1471980602
2035419143
1574562574
136355126
1543082856
432338662
1028045066
1056869565
842029767
59170387
972640334
66597997
703866134
272615427
132455262
1675579744
903977336
392550843
1224206176
513299460
1279502830
773362152
1572952012
1107832618
2102895460
1475904818
708960582
920295270
997669045
1390120077
2057151567
322165999
1278055572
1484230493
458521126
673654781
1916569155
1486566192
1730524346
611115275
1545736579
555681032
677713272
102119065
828296460
810168535
1777698809
1732273796
1202719378
854421337
98089608
334738560
1627783490
1671041620
1442571178
1583195302
999462790
4048113
356006925
1997131835
1394168190
265674844
171814187
524740114
1749905337
630335313
1198394895
1518990845
2116901505
781435594
2130106120
1515154436
1337116626
660335744
1617273501
17929438
1470504279
1247488662
1750203234
525740009
2101909999
1848292842
860478569
1582209841
1371850814
155566100
1017921496
223829957
159614213
1373928421
73478144
1553782403
1639603265
245292331
2078522517
1242024954
875627644
1129433765
613532151
845045501
1910869359
596154623
212716289
1100502337
1256490368
1829989790
1118431776
579510999
929994804
721151362
1105251009
884421156
421960557
1965729578
319147349
1793811371
2121295678
1337068845
2017641328
133426243
563513618
2091119473
1687208646
55633235
188928156
1618247516
1297658190
1064555801
600197633
1911190341
1909601302
363583344
359861317
2122317592
1464085681
1616351685
1804823734
435033809
48379036
587334891
1156185172
1153630045
1471756047
1578145729
971875976
1790903396
1224473452
945688006
980488594
1094631133
1079114250
1544002212
1038266958
618839248
1599635448
1227195114
89603116
749809990
144267267
689800749
513516683
2053868570
1053384093
873378000
2028702514
369986127
342246037
1686042600
805019936
390625074
125893843
1961205108
1544255119
1597649890
1391867189
368647447
1241069639
468856994
1314335454
74074585
1563488127
245966056
1618076797
454271437
864805304
1070228597
1681466551
954408421
1820038587
1825733819
1644209170
186071623
1732118741
550109616
1059449623
1613337607
920095743
1401695661
1151896559
1725115679
1792320735
1277790403
1538837140
1189092206
727956645
783220681
1557739654
1969026284
1252077675
724591460
2043100869
668082154
970557516
1513694019
1122353591
1835362820
436438968
656336495
642287593
108993908
334586666
139013116
295065531
2066705407
689122732
1354515154
1532559366
1609218475
608727167
536972277
1186850506
253564254
1814762680
578203998
1442656461
395235678
1361424680
852912467
216778314
466018707
1577503927
112395536
1134100862
400577795
1626089555
108970805
88456967
2062528523
765307300
730744561
24038783
1099893966
869757677
319104314
1019115725
1558880409
1673619469
404191443
1020615236
134862988
941163721
59982094
388427243
608442753
638186093
1831083704
1003678431
1999610773
536512523
1220456746
318145832
2114016450
1332852282
1452246694
367110597
811458189
1561217500
455567564
726503064
179041152
1186312125
750541848
1278935119
2056069802
1069646162
150567196
1467466563
595781983
554758640
340598151
730644972
1495922361
400580246
1119072215
2104365114
1038766339
802672271
960559898
890893464
1339184794
33532996
1209039296
1305717596
1366385278
513802343
1672828193
30359819
2075019843
2128395757
756862883
106577347
1167224235
1507404731
1385512466
1075810389
429567246
1536079663
395793305
1025349229
2090838303
736391456
1755994201
1439277016
1136971702
727582768
1396158482
28254393
1530255039
209234732
919147857
721956185
242767728
2128187154
2027673781
1609153006
494505849
1553018326
1639512825
422042044
1533930436
248892061
528619391
553671023
1756296792
1914131858
1629481412
38380390
1302727873
2025274717
1063729620
1246082528
614182526
672240173
537875896
1751154228
1399822942
1934034378
1779408622
782594333
2143269111
551072831
1504550519
238553191
531776337
1384740652
1847706198
1026282186
790275331
1339735375
1448324230
176722119
1588627436
1976943622
730393142
1197440581
1743591832
212390906
1235820971
898836057
90181976
152066943
2144918585
704364502
824307117
535310833
308035082
76646411
321861563
2087443704
859240744
317647026
491032888
216307615
556200218
1022809225
1601048268
256422768
2049091412
243839951
1596158143
1349931994
420562070
1037301932
1179391968
1150955212
87258865
775500152
1363346118
1323079836
1674336209
1453528094
1475146780
1671771146
10408948
151970249
59598331
318444031
228616660
381459895
258404087
1087857404
699106921
749436975
1304165020
1255307139
1772246201
757729640
1511729907
1673853965
1001569591
960404403
876302311
1422131661
1997706335
2055694280
425603225
2084965200
683710784
1788949343
1260561388
210563346
1094993790
588224520
1882334492
1105402738
740194769
1941932824
1423846769
968811429
175909071
1682250857
2056668834
875015992
284204184
1213350206
2130323132
2056450385
1971079846
1494569391
1582820702
825165789
307490146
311639366
99813802
157712833
219849998
525417027
95194385
903560782
166882722
1355755774
1114124128
1261876512
1943980294
848974973
219795603
536691416
643424149
1643642372
1505502845
819333220
1178409581
1414688031
1694349212
1462613766
480554589
1677188696
1371580503
304150787
1024274440
806917558
1129316576
1331764586
1118556924
1229130378
1489477420
1338406922
1754547405
1584671805
94484056
1921430128
792943931
1208608185
1035822992
589440578
2057583158
1255618595
1126131994
553523659
751777320
484151191
1372856879
1930186901
1898839223
919722443
1245317019
231910164
449427492
469413875
536060952
1473701932
1276331433
1665377528
657982870
247404709
747024259
2147460290
1585811631
354088016
1584648448
1680295687
128034496
230108731
741420224
1163857489
819549309
651519734
271992436
1945681303
1205043393
1023769756
282348847
430416624
806473010
33704422
1350139068
2051790029
265614586
1799566560
373720256
801675538
1125784844
1650051689
319569419
1783767714
1897456398
1066593678
1783744357
1335784381
1420681694
1220909157
868596421
1548716191
1451017888
1610016645
565090032
123083550
114052732
837082468
2068764853
1319096125
1860852225
203630052
1749512750
519841587
237334474
952168170
424147968
502949061
604251082
797868225
1304624599
1730035926
300436266
1624194018
1366319992
50409017
543304048
1002580701
1386193398
1963985743
76006210
107306171
1365218286
1527024099
1717322817
1930308318
1650107649
1831375549
619907138
1571388854
1002988026
333275715
1775018907
605017128
853117302
2012353381
1557185298
1277265271
367818794
13952732
2075133496
1672443394
1743988658
228086114
1149153764
962825003
278495131
1692457813
1965405704
1664688530
1508959908
2041411915
1771994701
726694546
1420952366
1341833870
509519216
923576367
1025725771
1129426354
347481573
2028713798
1462702070
2122500480
486247278
168335724
1987370214
2043432577
1445600995
207705360
2057385309
1373250843
1880148754
1653890320
1601336958
881818871
469231675
1879832089
426793036
287153731
1397036971
1935752944
181081998
1021548025
514963842
1602034364
215898247
1024483058
378127083
1241624019
6425764
725608657
1122854169
1469127834
700625489
1609101447
1637463559
540512055
1505050376
935580906
748217416
1414952038
161348102
480882522
921358710
1762685060
1362701393
1390590385
1495033501
1789494429
1677744116
744586825
1577763725
1858826115
1766134850
2092727567
1313376831
1982033097
969726977
1691503915
1076173468
976152742
269628924
51543989
297796928
970254413
1660645437
1935260487
1510766469
1018212165
723357746
111500237
285680555
884705848
592382759
1207039265
499907260
1955084153
450146002
1994940761
1597094934
2127890119
592043938
1027375012
1839232586
210695140
972618931
1005125769
45244590
1942345909
549146036
1121418058
771015003
818774960
1172962048
1068811931
1789029374
686123837
856588771
1152312195
1704336002
1579946517
1263812432
1990016558
317168717
1856195191
1049572175
817075977
1663795696
1499718178
664533090
1113406983
1480124649
1256577029
2140781995
1171873587
1467272169
965917278
29515708
1512516759
760779539
578661745
486451170
1531794542
1397436705
1659413218
453122826
1038982431
198053407
1309711597
43810978
1902389409
742174466
1307623410
1744922319
1059343183
1016334954
647010847
1876419160
532647002
2146729025
393468602
1646053985
1479370026
1650045631
1639352332
503759965
969834153
457785963
533275673
334867264
1218565502
1111937418
821318434
602876397
361890476
333248004
1055999223
1400872907
531301411
218227172
1444683886
286207173
960401638
604823648
2031129492
2019744821
1621158602
530656691
1748680333
6321957
529902068
2142148935
1652375942
2009272094
1644710919
1144244627
365548411
467061424
1602030590
898824085
801928688
673112444
2010761503
1623247123
1275988841
225168331
1956495127
184504416
1626041239
340312891
402731588
923241477
626520064
1363133226
1528065125
510165908
1235394399
1001740080
1040822600
836591084
1008062037
1570724668
831256372
512954331
1432513115
328483643
1657198958
1798061526
795545067
1111745900
549401963
1597473755
1784858345
412679819
1073237230
913363538
637848150
882248710
1097867955
116405741
1222561601
1500599543
1039647218
1849081665
716249122
420228696
211763925
1951643521
1421968776
1252586525
640750958
282547165
675827546
1472007330
795501496
2108340661
1800490973
305216807
1758918539
448552392
1416962707
160836855
2046026147
1054337404
573516674
971779730
1967700943
1211364824
1854028440
918085250
1327770566
929106393
271201145
219934136
630704410
987450267
640162832
842468335
791610141
2062131608
2095054861
1432361099
197195125
623398759
756884781
992696622
584255772
409892106
1297913429
195690663
858444498
567392488
356527518
756986997
1621729893
930044192
1728766727
1441947188
2141409017
1435311519
212548790
1321695935
216934264
483749935
1541630071
847638674
1471200203
34309256
1690107010
115326696
2096440864
1637678223
1547687795
146152342
113593334
157088928
1138848964
697849106
566981034
289278745
893539769
1425425532
856671233
1250067288
34928881
330917478
32627832
1763695609
1772864666
26553201
1051523480
1985413456
1348249136
1268457745
321679744
742395560
2116096419
1792879947
776704816
1658719781
1908206643
725662032
1148914356
1308410790
871814374
1262507690
1465499718
2010663338
1960356796
2032480752
152458435
706412918
1310422636
1009129669
1956480206
1345351517
1340047147
1989108038
961563478
965428166
2015661240
2013086959
803357974
1216426728
1134061056
1125037718
1958822288
1102673827
770434017
588043456
613909961
531157012
1313705489
1762824317
1839567802
38036215
877848360
1157583872
2048699554
690721508
1042580976
53674341
1397134426
205519964
1062804010
1206130984
1550871482
255367510
1047755375
364951312
1220795676
915932967
230554623
2024153650
2132359695
1364615679
1001707721
1943698336
319805859
1772141738
384258144
933715820
155815103
1697963633
549056489
1995382905
1735999849
1426904849
1005483130
1637215755
2117626358
2048064106
1690890096
1367277136
106100423
606210459
425924473
1656971905
861577969
1473679848
2021923217
2082373645
242129167
104994193
1959043647
227005214
1469609872
813267720
23219902
1789415731
437925811
407478047
575647903
593740914
2105441680
1124704393
441640171
1693957881
404125594
1447123301
1183689988
374268304
1347703760
727096437
1741545441
1453804183
1333306896
19986266
963292440
47401217
1493666114
837732009
2129774862
1735795281
942726202
1941334861
1962800495
264852427
607118934
1986020398
2054268158
1045044745
246014797
482432414
1638785659
203972829
1607136807
2080425830
1897930711
2011262401
1380065484
934137051
238047058
580285596
1661233488
1979592499
2034089779
847056736
1999578765
849898571
894457953
1345761231
1687630580
876749167
934072864
482873135
670600381
749389711
747725562
1277719315
587926461
654510072
175280412
833941258
1136942486
1814066071
1037914088
596595645
1747008253
788361151
460374399
979590089
1722498202
698421457
1559875685
1236248043
530530308
1446481816
2083304779
382625425
148896739
830279085
1728386656
1836527320
1707028252
514975872
171916807
230144985
1264365583
919642369
1507864300
1852292045
1574152441
1683144712
538749655
563611280
1349727135
1576663743
1160206925
949251741
217541246
1620581324
1928841830
1940039449
171519133
1341233868
1028803844
702049441
640232036
964624975
1084674866
789128776
1794904060
665577874
478172448
1354448665
1180553746
650089255
1584593650
297435682
1569731624
944974303
2244079
996400417
480635367
540993734
1560011697
1830362503
2117657478
572734975
632130596
187715076
45832651
413488778
2127754525
217351785
1754722646
1009074721
919401226
247471035
1973699697
2004076093
1036599811
1621120109
522170319
1514772259
828085126
1702724066
17377866
265195129
2000159748
1587109490
1210169432
2002403827
436026259
1690804799
395913913
1996037957
1373683654
366087743
421289284
2005814250
553802820
467121935
271819381
534073697
684473720
2026542027
1543148419
1603874947
126529414
1369364468
1460467392
1163129225
843000929
1982637711
530417836
1671086056
1537878129
547795702
1936281185
1390554229
2134905192
998966969
1245474408
423447804
542288120
1641388322
272002113
1915971775
2007476065
693291397
1774302377
413795237
1160413332
2046121758
947868935
1844887053
1925180138
343533706
1301278352
2051709552
1712898174
614262096
1067355130
408415455
449416159
1597772966
2079501511
1987294289
2145568669
1868299048
1230364870
2132990213
719782369
328355631
408954369
1262070490
1969743953
680956482
1030558617
1829736370
1374247879
657377346
96047960
387177564
556015457
1043916895
84580969
333711947
1387450601
1385859321
237937851
952865127
2000121417
1305292981
1361280582
302053928
755582300
1293298446
141864569
753667321
1014113846
1372229440
739173886
1733896216
1700585071
1148128256
848483058
1522845376
1829084738
1879041675
1205098098
1055848970
388935373
1301146058
1443026534
944950830
197579305
1527607503
1278662777
1585029906
765983176
1516600629
390411385
618620945
674409962
1751691968
920674873
1429992262
897506766
1062539443
36175935
1911620612
287285235
775349822
1498033180
1987870306
1923478078
199032590
1363232034
1605079168
2078074265
420846484
513444490
319525991
1721992543
1956471024
1264476821
1919571848
1336594879
395655951
1357118107
2102578055
1912256580
1747529492
573715352
439182894
1351737812
1494390226
1869175157
101760930
409446021
1905351092
2013381543
696731256
533217266
1363931075
537117914
309211696
1562963666
1900349948
1914290865
1493554283
173712784
280251707
1813080274
1895705327
89239084
930073448
1667793528
1425833963
1325729399
877427987
1380928371
1090502331
477473831
1954643723
1529685225
1829211644
1301550301
1251376734
1930972574
1710996322
1009244179
1796870469
260243930
1542461445
1013317897
797361844
1851673142
428797915
550228144
1618480359
1922352198
723940929
1898732066
1587948825
472162608
1987971150
370538625
2139956136
1266321466
1696268024
869900475
499766189
639286707
1347374307
306926264
21488284
1029102303
1608476566
1272865019
812591229
1171989240
134625550
461978051
1432233171
1677086995
1475295948
82111367
1381276489
1904093863
632339512
852273200
1678962413
1356280441
603521619
1119427590
1828443049
444009121
1489966215
1820915538
1710330587
1038750591
543332365
62613128
1678037298
1890706672
369539393
1699525583
772325327
1978015959
824906954
1584916557
1002521551
959532504
2046894608
287271074
489135851
1374706908
369382442
1870412341
1131317123
1001721954
575201893
662795888
210518747
1178723512
1782223479
2038961796
1622732634
1124706046
1712393686
1185579573
15972990
108242404
1248192702
1694010288
1998949076
1617732095
1246052223
623790756
1448264406
2070959177
61223665
303302309
883008033
2108118273
590573384
1372143885
1335341533
959955826
1095072578
319175008
1961677780
1670274471
981970896
24712879
701514336
616710727
2063674675
176763322
1741416774
1628584714
1362342895
1757389764
1736827118
463051949
1303916404
1588292546
2080784044
402484980
64599654
1381564802
325960509
125823319
1684867112
1208968543
86457944
127956848
433628780
1421799477
1087912674
1528701358
1740974485
902106806
1051492181
575461734
926819685
1753006517
1192172461
843010712
1929769839
786105587
324111778
1144629087
396011703
2060938896
1607681036
1699928108
1501747795
1540981433
2102413088
1566347449
775062587
280889949
1692170769
312446051
1489858492
1778628713
440402899
1923487272
1052944543
1528315573
1304704982
646435380
282938731
208713516
1221897114
1209758416
1961720033
266585928
2052769129
1744006225
1052691515
229397259
741151664
1448703219
142852508
201349052
1001147679
1644600303
1742330485
956077119
1063464104
369909425
1236967068
608151225
682355476
579341913
239296291
1122758376
355345537
1292240834
503590301
1660050520
1938676214
786529033
1868764036
1013089681
1996287449
1683000421
1279675609
1901572930
1279522998
184883476
2130970190
2020674662
1633586695
126339050
74540067
487250726
1770939353
1816870552
1443327845
686919809
39296329
532811266
1295071035
721651806
1112153179
1534367326
1844410182
1467498716
679124512
200516835
980065588
470317078
987045868
701345976
1483406759
835849670
236862750
615598720
589938952
1516385748
800482197
573425494
1389576763
286585244
699764544
1464116830
773835971
323220249
1133503734
69680168
1010140059
1172800064
602491434
157727446
1894451870
1714644613
1692094772
1591378404
1034659682
223735636
1791895239
2014725270
694052714
631457460
568587599
29975826
1467307130
805450349
645574546
2057246082
174352449
1446056743
483187929
1563929212
1732641988
1182952473
880562394
358994311
1506172723
2014066129
428674479
368829134
1039382545
1031165914
526556580
786350767
598326879
71167704
230245523
1632986561
294903340
2022140762
1500228184
988956054
506114574
2068815783
1018931880
1973421704
726782484
1664506427
1883184139
901134933
963079522
218888420
317580498
548237862
1401840893
1198142892
907232173
760529968
1064725373
1335906653
1129359102
2104107918
219588919
1655915682
742975037
817915798
1727083386
973220560
303418712
2021986726
847877675
1803646896
863459133
1353992249
1724979031
1882391013
1179930306
304277867
1399413792
915630797
1205412800
215009667
1134519217
1522993298
763247529
388876462
573652543
1670479703
1149406431
1638377916
858902708
131281885
1595002187
1078491627
1787197568
190493576
1896407425
1366797306
1163714137
52342489
1241300385
2011591812
1855989385
2104759518
1218100413
1433484768
1839666883
250547071
1737762635
1091597028
1166177868
795691788
1306606695
153213437
171201438
2069854224
542089900
744853981
1592850279
1691496331
235748250
304269339
1822778216
1830750437
1382760966
1462492136
2021244013
1131684744
681805795
1037474502
1184027233
1923106180
901582666
892532971
1880382050
2119683080
178534091
1572565285
222746503
1916296727
516678665
1388924372
564504867
1823285360
1542137809
735706305
1745655937
2084227709
1480560287
1191022568
1628240392
1716308537
1495291908
1303534961
1399575326
730569226
618543449
1273335691
1862253970
1300349244
163326546
898797556
1075971776
1064909212
1791330527
808870178
1037108644
1969864618
233951816
1259855148
1738677697
750630481
501295872
155698916
426432194
2043433681
891405222
24604483
1980177743
224481861
1215627051
1460934487
1940790398
563435311
616985800
1192882076
1294004538
1235529250
318734119
1008774860
388394846
482060665
1907572416
1464366623
1546969878
1551419295
125753153
436594874
1373800266
359704969
1696450022
964994315
1110335451
50262246
1120693232
1536767645
2093695928
2012098454
1561372128
1926390023
89096667
629515531
1239840862
2029887065
1192950843
1856826663
1075285493
339471733
944872265
1394019612
1348246593
1333267111
1876080278
1108335362
650150086
1275566508
512271009
775903240
1712161382
1886071275
1135608209
1261127757
703581943
98460012
1311390003
1824275175
1635227657
1257602283
1688889981
1049116137
1036508658
1777986648
1678631669
128865873
1660390065
724098864
1985692536
588191910
1063570597
783081153
1982211522
264333542
2116348264
1710808152
1372668904
619014703
838891012
1884939914
1394917943
403568747
1623527541
383042504
1664696504
179625836
481502517
828602859
2003901011
2116730174
2086205143
1545307344
1018362664
975230153
1175810344
549510685
1104096026
688716761
1273609549
942304914
1276908671
189696498
1725386067
1111636546
454030040
1694250684
674961050
1826698945
165781739
1513852063
1564155211
1560699682
1917420810
1040199104
1943742186
1434633666
1219824941
277761055
115752877
1076242304
247007582
54474372
474066001
1265370246
1029704526
1649876345
1814880931
2133800552
191109459
941006832
928621819
1468018130
1130703330
506524238
432171028
1584733370
53291274
1107132079
1263948667
219073013
473500494
680620230
1779772695
243437656
1720819335
1576031234
1678071322
793160628
1853792289
1793824199
1869402932
2100799871
1848298572
195985285
1218686469
730519450
1845861631
886083752
716836354
2036971090
1827090584
1645458173
1357505572
810310266
4498764
1789676601
247559989
57790038
749325032
1511508656
276863052
1222825526
44645239
2056635747
1466263182
1765464574
1485183333
996850856
411141554
1191491975
643191407
133060838
1144808198
344006331
329046124
216011020
1074525781
27424107
1102094772
1791362136
2064395197
781701709
1289336661
1274417121
1592011975
1293835425
916610074
1839571964
1351625464
1665935106
1203596973
1628488516
741276984
1248242212
1537640615
60056518
866223138
875340301
1056907374
1277364692
2066832276
1700098782
1410425530
1064156826
2044105113
1739471654
1280167846
971147247
1766895761
234778971
615025735
1683807310
1016480680
1904362396
810740784
461009007
1050714174
1727350858
153097324
254855990
1245802317
1356694297
1883344506
1987079301
457452861
1273501473
2047135820
1323675999
1358126
956559546
453557043
2068190402
509174680
1863982573
984863581
405796146
1455970580
117547779
1376943393
1075382693
352326750
1991969128
611706356
1368807430
1748847876
1422447140
1829816438
652078402
1002314350
1982913762
906934392
100633019
1192124411
642795250
2087712321
1649577272
1916296724
1987364493
825769623
1917654850
796440391
1279326666
1838361605
1305615072
995825591
675741538
1711411218
304312523
793289317
940870963
1379695217
1145616068
785356443
1991401573
366939850
386720671
1266365065
49272640
1038799074
121195767
2032186402
1945733466
221828787
1076827165
441045069
162057460
578920789
209858145
1938305
1404690412
2127512995
798378696
536533430
1818390952
2103993768
1532359022
346648842
1667921338
1836671545
1139938160
461308653
1068883114
138070580
1246665096
912801039
505010430
1633385768
31682456
554283071
524701194
152878224
438985825
322951012
374707011
1515812991
763996081
536764471
2094733780
973854226
538702776
1351940545
953883574
1337081472
1888473975
624790878
1293591593
1273349349
971439721
814029283
962537247
2111377881
1275337937
2031420361
101964813
374519385
796737753
606975243
2007905153
828420209
1161258314
385122699
981298433
1600244140
708073712
1356005444
968573483
1472069793
1892769915
915823615
298440372
283989043
120280512
1252323946
1621070516
2008754488
1877114824
767178461
1134620189
701070897
1581207744
2097157436
664965130
709062033
1981094150
766929943
1083581419
630348255
1373905187
944002924
1458768464
387679853
1329125624
292583250
1987923993
2037199336
1648588694
809013828
1361785481
1393874962
1724837444
1660225853
1677864005
1845117956
765066151
1151450873
1706388796
494697328
1918629334
693525338
1195768225
1352353431
643199126
1860733356
2061415464
476809628
480179651
997513235
1107157883
1854084838
1941516160
418442700
94281044
1123158136
711025950
2082205037
1012873824
212130996
743735218
227175657
1606005958
321089014
1887401511
1136386316
18723322
504984014
140353541
1725112119
999681342
2058982876
271153809
47965920
1263852659
914352935
1908699276
1177784475
1391162564
241395279
27814063
350836799
2095480118
1969330223
769279499
42277514
945004711
1480305449
2124482551
1957878535
1692436446
720734121
37570544
1150958756
1041823135
1924972055
139861424
1060546458
282472422
280214966
638174929
1282153764
191714194
909328738
1330119684
1455566853
1823681673
1091335312
485867680
1067360589
1332730592
513681743
1418197389
1280727062
335528318
39993240
1323004576
1280533029
1520298690
1300003479
1090927916
1065251488
2020737601
1128498461
68726596
915077088
905986868
208588021
1975623546
1188459290
488802987
466314827
323129407
680517181
1375643565
1653249091
2136084034
1051841591
597100756
474468066
2119202180
1929831348
988149810
1389915921
1063074762
1323678128
1429909162
238595690
456727510
802724204
1538599169
1547655426
1867975692
1411853122
528670239
1936702288
179446563
1434657108
2145290309
7586461
475632750
486609648
473901289
798762157
1167126829
1849544854
304527601
1155727215
753902797
901628357
1630195282
725621330
683976057
470861444
2115537251
1747050819
1794539572
1397962765
1985646509
103783434
53203321
1376762030
1651438861
1921179013
641131505
32625452
1710397654
820578068
1467282560
1708204315
828164529
1942915311
47330316
1302065818
594193820
1214457145
1004127025
898721421
222700713
1758029822
1800349778
1852895995
336167504
336842187
176273791
304221108
2083893006
1970813363
1702183873
1922055867
2074596798
1755387195
1151334250
1578552011
1529082560
1792465755
1611177463
1091996566
465560175
930976376
652717234
1293724704
726408039
700047550
448306875
1320601859
1914504695
1452433900
71839633
2137205408
1062980074
1872189411
1842617755
1399147579
61547951
2018891546
1703368687
2145440957
1842221262
1258068912
1920013177
1769334412
865972459
923863779
1200402775
247571372
568845886
664096590
1339567938
1034406061
1595072966
1992285172
180647117
173997357
544849074
628953992
1494599217
311870122
2081387892
1566438850
301591882
996884319
1291144613
2144209638
248548250
1352692564
2015617536
1951916937
1350649874
1710355150
1062502201
1123179403
1332205914
1928474661
2047043182
385125041
28562385
468405420
1049221632
1368130323
1502811481
496810950
1212931848
1683458598
670808308
1757780922
164928943
17923877
2069651044
98833187
1584362727
223759279
1095717506
728023692
220485269
1344265756
2080716257
88619157
1148699045
1283882483
1798974308
63717599
259578238
983696574
1992192260
159137772
1368821616
2020754645
627543192
270559600
1241401320
2130354673
767370550
306849520
1666329623
1438178858
2064630443
1831258566
1456102735
1986797839
1930091754
892981814
63073470
878325612
1621005507
283558739
75107721
1554238116
372177897
1223806766
690636951
23668557
1287524365
950215189
1007365131
1132232977
1109352961
228703099
1005503974
1736896153
499262699
99421647
1719767178
1266633250
406271167
1238613153
557328460
323417962
922388072
2013431196
162732154
704996178
758929362
225805624
1583321790
232451221
509364364
1658429511
1786689337
881542261
734752630
329842640
905210818
2022276995
1280057829
1912575949
1007026325
241927142
2141279049
2012530299
1978823295
493058100
2111951946
1551106825
1759691350
370739466
642236331
169536163
694157428
1564624403
35483711
856889582
122136933
794413073
1082695207
1705458723
1026864295
1592059571
1216404587
666069984
326118184
1951157217
995912625
1231329002
1825950564
128486806
996421303
685493241
370413949
990216704
550539893
201753596
1483274805
515008191
1752860422
1095482507
885747657
247613105
1265018670
1579905086
1812237508
1300502381
289311020
1934374441
2094915455
1372006227
1492349516
974296102
816582150
561270455
1640366086
1142700334
364944024
488795063
226545688
43410941
617281870
1222966992
728904182
987695819
65700048
1279444075
1189449415
1548974853
1794452267
794826189
496973713
532716276
1042439294
1761992383
2112621362
707193154
915011117
254448735
494083947
862442924
1626454962
1986433464
1836739026
295553465
400220271
1329621464
1438253799
765164296
1818416528
1664799488
808575237
288214750
740282832
1537479419
1275910569
805982880
669439847
317876336
207474086
316408466
1112702526
704447799
849124742
7658172
318956534
814262457
714851327
1233967651
1068711192
1208935274
2096410575
547682506
1047885090
1785665953
843235971
1448105362
967803770
134006123
65786010
638736650
1798805611
874361247
926951400
391604795
264357018
55378321
1197587675
933796865
373254657
1405061761
1250205331
1485957183
2109509560
2099330074
1493615356
280982447
766108883
60983035
1514950098
1834820075
1269918309
1463877026
235018933
170319752
1102059331
1078254905
1618425114
2069863101
1212261028
1684211124
561116103
863582991
411088723
1488067503
1255187786
675445741
1543445824
305291813
1609242607
1916700482
1710353575
711964290
1255174017
1672379487
663810716
601305725
1953361934
1429919599
662288760
1320828385
1117256026
1932207070
637221763
1352274960
2102526822
1739281094
283046217
1573468288
1661660548
1495307245
1110195764
75293003
211406588
1521284487
1563360507
1466594374
49246580
959322683
1771886187
1658489187
728539517
1334756114
222969830
1983713535
859651954
886780546
437535612
665530240
169216498
1099824373
1986358625
1286472524
884547795
476096740
491263836
839590969
67894187
774310053
265575609
1729554735
122133650
1375771373
1804847738
333540238
749572212
1220724597
1800134612
798818792
32563633
1424537152
309824332
761103150
611809618
532794162
597333037
1471461572
1419574708
1034868650
2136991813
1588791206
2134693023
1975866790
727780083
871757170
304479883
1219043919
1711348139
372374070
1993353973
1976923748
2101928805
2115487623
1205211473
1759292895
301544214
1954783685
832533845
2101678826
606118829
865097478
1378732330
915943161
1626200628
1990541949
1448737323
76050018
1314519873
720828384
1110918668
1304028038
162135942
1098128043
1132411181
889916025
1969885213
1436891064
2108959945
1533749704
1809265134
1954830270
1363189804
1763710291
1922834245
420917629
1375519538
76894811
228217666
60569735
31089990
834336495
925667213
1409822320
1750279657
404384194
1252880621
1051533332
480434212
419916847
1772361716
1591352880
1723944885
1934497659
541997275
708872418
676930036
364398840
2145763482
638406333
1898148544
1807544968
445752955
1113854700
1423771611
221103553
1534772329
651807502
297998364
1762989995
712377237
329088354
449842842
1638044451
1738910675
52638851
2042428645
844307648
1104172184
375379209
1264224495
729050252
1966732089
840685733
516064263
361245716
1549558151
1192994300
725644556
1547837986
1831400633
476309452
1207899306
129669941
1590164152
484187270
350773494
977452833
1135994772
648771858
592959180
1848372009
977860213
1042802022
1338932812
569287240
1095440874
1233877809
1413594888
52129410
1609257018
530335736
781179662
1428505459
1371021469
1297243926
1789751175
773095972
342754578
367912083
173450310
26671563
844221535
1381349617
156341504
286902039
1865536887
507114998
1264354872
854048011
1155886857
1857314052
554936372
2133747070
752632427
1893869185
555550662
1848073301
980263346
1969145550
1900202711
442036717
351997638
533898725
1870542176
1723019107
1831142651
1512809704
348631432
26413581
1880721787
522081742
53085145
577459675
1903431359
209426649
864361714
1621484598
716541648
2128716587
328048961
1872428505
1838546991
882985334
1858691927
443695770
629370871
266758941
144285423
1609634217
88420843
2044488134
2051670934
440418482
430903212
1774729463
15953941
114562215
1140055519
364585373
140975797
873293658
886667116
194060942
1450753333
642614827
403487591
167631400
116615778
1120029239
148864339
444664739
844974096
1987411330
1327650073
556182375
283623453
1957020944
822941316
427908876
1419171514
911362160
324913363
1323358800
1351780642
755816575
950604615
1367734583
870378790
2090660134
1732319957
1011354587
816470145
471503425
1205415529
119739830
1114118252
1608903121
287371230
1230734030
581448712
436235569
1675398770
1426422809
276163252
855565195
1982605184
559786705
665102492
658062853
987695581
2084274006
1569425013
1312608944
1260149158
773722007
2068425519
63270126
2141456590
791320662
6446612
1726292899
1802675249
822916757
50312676
860607131
942656588
1164430929
322026604
1230027818
247681311
903475316
1666263388
1923080081
182414477
1942426640
631161629
17536014
354729697
1296264121
675598867
1342425278
1233054479
97540232
507550575
345719989
871262239
428492446
408990115
865235181
1219813108
415436728
444044433
875004710
1238353485
494357109
1735611841
33526425
1658788038
2057638445
1263554244
1906469350
813630113
782333984
1682065783
996044591
577276976
165743764
1013580605
932006673
1462007885
1689179472
126948303
547578716
1786719704
634498878
893298706
510498295
1062991325
1302288821
1375733476
135320785
1717725549
1819777909
1010325495
808595387
166651371
598453688
842121812
1825439409
508608485
2105676056
1584425111
1322238599
740526392
1119007247
170799542
1317803368
1284751011
1184380147
102326393
599275249
726075971
229274697
1146853965
365312027
863773575
2040152671
875810322
1926764900
1194957845
104060150
2062085686
765199746
1923838060
924927533
1573795133
2090489431
1523381222
268433298
1768445192
2031989707
226625706
1205386656
1206744658
967152099
176910255
1377544200
137471819
1461661266
414440699
239798213
2060936515
1140516670
469072910
1060306833
1505828697
1332846485
952975856
234155371
1112127738
450053
338215522
1026729776
765649800
114569934
1951657309
191961285
57575717
1327554883
460394583
1826020909
1212060943
687020290
883923917
271321953
1654172389
1060834172
1648866154
1791644208
375011791
2063306853
2031442421
288464658
1056339876
353031683
1348771491
414684925
1685878169
154263700
648840297
650522259
154713753
987055819
1677252035
920363553
1101625753
1481425696
1112324839
1159201470
661496932
1572719422
837738731
1873557875
112256064
1721662649
2144879828
1766428453
635013173
1646262334
1410589014
1010024964
1562085540
1294547787
1298489623
470941768
1647579471
499777466
885626693
1185973992
654041166
1534466990
1836496251
808754920
374039161
1366264638
1729118473
1475664914
700206686
693959664
487382736
1361703618
119195439
1325121468
1087777845
231451503
899300469
1085174026
1997879957
1534313642
583952712
1260985323
396854959
2146038252
408049462
1695344582
469496372
2055628933
47638400
1355123066
1094119277
701679567
742106408
783131880
1510434487
1116145570
1912870
1092069312
444326836
702119557
1786028977
931709573
2063823175
1905224416
109347393
1004117373
2136675919
1008647862
2089291399
1987072228
395477856
525760463
1100573903
792332815
524315068
1508623366
340193749
993811440
1416768651
387832150
201450858
363404281
1089511717
943557267
1146536161
452462556
2059702837
1148449032
1544531868
356546025
1850568589
1183077197
1288255598
1766908116
940817965
1397602991
623541841
930010237
258767205
565349592
769598817
654245062
1091110056
1870172721
1446577877
1615425124
1231312439
1786771627
461752916
500597442
27120129
663203775
864001723
1116631846
1606761042
2010537885
1569094402
1518980231
1011503269
966142622
1875526256
714588210
1736172
1016298207
334012678
942554137
266417550
957554520
1872564374
525184756
1522904112
494679544
1179429818
466530520
217368617
478524047
2081955644
1448681056
117812026
396224913
1949278498
144932155
1059428688
665796574
1261564001
518706082
528850811
683174755
2037686313
1540354080
1649317378
1765728921
107458642
1651053550
634543480
441471320
446124039
900961031
1399025840
171204766
1426145787
774446305
665884310
458091957
1240976825
883252927
936616004
1175448822
184450335
1054428031
1571673735
2133728833
1199360186
483618775
652041759
313440540
1002324857
1180892570
996615295
892527522
573763002
498449025
510772795
681221644
2018927
1145316276
1122692965
448142967
2046277307
374235157
619347733
1324939446
1148681462
1285232043
1783031403
242174640
21001322
572163759
1417623462
205451657
1626591790
841813549
191696842
678468329
1325432324
843738602
991908869
180273533
2024631172
1988524164
1072801055
450910527
339489542
1583573850
1132132171
341508469
581406478
107341488
789651436
480200137
481576646
1408999169
1805139583
1630258108
546747564
1440687338
1872432748
567748886
2012851098
1142572562
773200543
1491959240
1984386111
964897386
22943921
1162334787
1808635988
1014852790
1342608320
1685783512
855893307
267925727
2136694039
1195382849
1851499578
1121342563
1536891318
285422408
1228684051
179059107
765622546
1710260697
1588058276
423278481
1193035158
2134805841
1863965820
917984258
555071079
1729333270
2060556821
1328271623
1073808862
1897459284
145685361
1096752784
912310424
1954321349
2111605574
107435096
1492621213
820015233
375360824
1481831605
2015398082
79376754
455690520
1404805753
364799162
1684374571
1583864860
1130421708
1247151621
1024439488
1553700190
292703131
1011761681
1270182362
1210687389
1566832761
852031984
1123760562
747620736
1925840846
873736199
893306097
875109982
1786046623
700143798
839231909
1893481719
45281363
1659247142
121358895
1527112968
1527161577
200735649
1982803488
784483682
565534812
1519694412
220864894
1695956520
619362385
1245304382
1102173062
912065516
109582416
224871776
2122752905
1676415177
1076903760
1099029820
276552265
855260959
1972766019
1169858362
1730370941
1611328994
1870002160
422119202
1357327065
1915283523
2081366345
1478685961
1294912844
1461044274
1679421610
1130232684
98044308
97472774
502443448
318909202
1793429295
1121805833
1564213584
748118709
2033871349
1673796000
972990486
2009140607
1202727529
2049894246
960686779
1479279794
757671557
785969150
501654508
340558851
249814496
224173020
762678053
1607141561
2139456544
696560750
938343874
1286885740
10121376
470281837
269634776
108165684
567754611
772078225
427074886
213700258
1893884058
1991288471
961818968
1780271760
1517600823
1934809454
1641928719
572844705
1837220052
455131850
2052124499
447407962
1241101000
406295360
787966813
1490915496
630468380
1550644866
950573409
622441276
99721969
1888917284
1909327016
109843345
211715473
31478145
218009030
779470084
803556370
645083916
993170343
549956780
488888739
1954989311
182744892
2006489563
1742315117
1824673611
431850620
1432051521
132321813
336491471
1879459483
1373422813
742786831
519942648
716854661
1373255212
2070587515
1667428071
1995696488
22825836
1408861707
1757539857
132669181
1620577180
1789018002
350678211
252563616
445090724
995762128
1245733959
995047504
1484650867
1053239622
1177792397
1343656782
648071091
854982360
1775507402
2080122613
987304174
2111998874
1812098448
213243339
707302057
184557449
930098001
2080557269
107661316
450042424
1928770110
130487152
1858904131
1538826319
263156333
1331997663
1180360673
613834545
1584561279
1625451397
1609596673
682811591
473015253
946763892
1736051213
1650807650
142937027
236638657
358306363
1918444429
169277622
1345610537
1882959655
1981376070
1558853876
442778065
18449871
341468229
375851686
126111187
791510653
157138148
256598339
502931136
1695964467
519754673
1834928799
728841492
1133589218
1272006431
206809241
595702243
1954818022
679824495
1542466135
1543385587
183148497
1685403162
1780024244
541454860
1456363944
1949301866
1887065397
1191839951
1783194289
1298435626
1634618016
1801644160
1639903855
2010469703
1927755348
283930861
20124203
36870039
786861997
1716088671
556624712
474307149
297446515
1690213930
1746313580
504255757
138432525
1553647954
1184080252
1680898661
949549893
1367228749
1218818175
582090490
1908683610
527698471
383908708
1648265359
1719538423
19619349
799217337
1206672791
1821263510
291637545
1069658846
1601535210
575568406
1089783050
1638405249
1362430403
658388073
47546314
1836737552
955834588
1737760244
1435567484
1460090345
1876192770
841731790
496686949
1409607783
1791281684
1863915699
480942310
225888526
1625115661
1008640782
609797234
1125897372
580695557
629416584
1925114710
1787368348
303196446
69268607
709543547
1904731656
644837013
1799326597
1395653257
2007267416
310231022
1443199571
1696521321
1266065610
1033476168
984605157
578672308
762185290
1826336948
1075359257
24309425
1470134984
791791308
505251735
1696023510
269423321
1513892517
158337096
1395320694
2094588074
787753680
1172951756
1734472775
1090950126
1242220363
296532674
848198134
1887057376
2095859271
96367744
1746841144
258606645
1539567315
1295878817
1524672255
425559835
133000327
2103344563
1187745125
1959337275
1031220173
1212054550
1281988611
1823011481
1717306286
830528473
2092434803
1083715155
988865569
1340271849
1030819582
1776619250
365739957
617808709
720085728
1607960320
914341383
1568283863
1347534048
862717006
1664651607
946891544
1121323651
1056735274
95286714
498512258
1482295110
228287041
454373174
522556587
40140668
1485593347
1734611138
1322129279
1161121180
1304433776
5174104
1106072335
240665283
994039673
298860536
1271484865
623175275
664600493
1889293574
1343261004
125077165
656151309
764061219
1472611213
1518868315
281229178
272019110
492708318
1337964452
367305824
991220577
672775914
595592865
1445593751
1195332502
635733533
783703450
782459992
1957862812
1944824630
2086893768
1963036916
903413318
180075403
809592941
1202273854
1451560269
1432768217
1866874348
1193370195
628545573
1991951513
1849521505
1392606792
1317079079
1220906172
1673835970
1589098189
1713614491
864316774
1956404013
557351420
1537092689
404513230
2002945171
584941543
1040246763
639164973
1367401535
850625927
436505955
1306811655
666179195
1339919273
1486887058
1475772136
394709480
790963679
761056705
114100180
1984333875
1389602278
2106051693
1686371732
634725422
1275647124
759794256
161077744
717261665
325925099
1025394519
526182030
883276519
415003560
930695260
738738042
999945103
1970942023
1377903015
219862990
674084302
1814408971
1526674645
1340263497
1006844596
866078055
668551986
1401554076
1657041735
1429608691
1515654256
1493891962
671727322
1474222302
1032780046
1306452744
602385778
1792574302
1467530489
1319647444
2118499402
345441360
1845829474
854292273
760444920
629041087
1593030316
1760390023
452499462
823449683
1980253013
1126583765
490375006
1359444010
319363614
1497219603
78038417
987915600
751290031
1735080152
270040644
119460640
1081488466
941767966
1593682942
2114268512
100737062
48585072
1759359167
1568267551
1368232516
1730374921
1913708911
1066578343
437183546
526670183
1695619430
2030213862
139576558
635244
706179898
2119829571
1127219009
1196554904
1331789933
1446582624
546290859
1409828351
287014576
1297580891
997424855
557055220
1417041531
2078913322
1498823186
863240825
2045698186
1599560249
911825897
1657573705
1020344152
132574766
1240464978
786569416
1199153109
1677648525
1313239599
747288891
1560378739
1452816158
747924135
119074989
1425162081
1875143145
1315629894
609468367
1174242121
1861920753
2019296718
1461256697
1012017996
869237925
2018311918
281575879
800667599
1369651456
1144816704
698882138
821728057
2056642602
208972195
1842072210
41733720
1449437174
481157978
1240886829
979602051
1794397577
1988175720
392497142
1099730087
588616207
511572132
377408521
316275704
1827202026
986876888
1490517825
1541639131
858689958
804290875
406173480
1727927883
675119145
687749359
381111835
2044770601
1832566064
1079993973
719015011
1741725018
1288966168
413603573
1783458738
590919694
894761551
876861919
1570521745
541675480
717553991
1963018888
1641405568
1306170198
327107372
2018814089
1622445903
6825750
858207329
965480080
1548464881
1716897287
1769770955
1954638361
1297341522
297406452
494904073
1678453357
194693406
179986489
610963682
913708417
1921711507
1899929851
1327311990
1557686597
343365897
74589893
287064868
1913887643
616265373
1004618859
1729422883
110187293
163305409
2056530255
2129001382
1785751312
2063356005
839725063
603747745
1464337238
409138702
226035052
1271491952
1706480225
523441505
1766396025
1237449934
718134911
1946382514
1848413617
1631843328
1720610373
1600859820
811671670
1130813322
1944225717
886261563
1417878190
1710629712
1502526936
275013401
1292568947
1612714230
438318810
1201615554
1594231964
76586475
1117487911
286473380
680334220
434341502
695612082
906369272
1705833454
254608659
1429810777
1324745831
1492058594
462040
1123644697
1192988563
1632305368
696771422
646364735
296493390
1827584744
443106804
1182754953
1097979286
6252869
537798242
1372992687
1298821816
3028824
1811311497
352953723
1597260788
1887897972
1470441634
1883734168
420748544
1904783136
431862603
1327117817
1463132942
686471262
609444946
640395125
31046208
609906987
1764039822
1224034771
94728707
313327596
1870399506
391222098
2140912340
166022663
1573977051
1091407978
172275532
2111775293
316917017
1471097348
2114804117
2128228515
1824051071
1564581258
1868642839
1147009058
1300831778
141907736
904308546
1732694381
1469025553
219957841
271681996
2078470499
860352966
302728204
540893838
476909141
1526762976
635622546
790236737
1249678834
1026844644
783665430
1415701497
453338047
1875073408
1587977029
417629693
44506778
911590730
384950162
25251645
588158153
1949531420
1893894484
1735167211
1102879551
2035802220
491992110
688090284
1357344125
711949951
959772280
1288330977
1572302917
1262500485
1829224815
2049212058
641779813
317363713
691965148
1891458647
1344208357
1475630578
1159676497
1797546405
1203220338
600169878
67692450
1247727116
1511760608
452642612
1272978761
2099918762
254690385
1019389598
1687602325
1357569936
907708170
32110787
2045660220
117568648
744060738
857948853
1405899625
168880008
2120449338
1087640792
70608418
614745503
1405004506
762573566
358720502
601729215
90720496
1518396999
251791972
1293940835
2118566878
319484422
394184303
1482843838
772127035
1667163065
1435278952
1026817420
539069015
975397630
236903708
1446777185
1007508417
135080280
1564345833
1751569156
993029133
822761810
1920449164
965994823
1910402603
1991057582
1580740326
1167923461
606147501
1939460829
1769652676
696867997
1310374180
2021444649
1990808832
1281457410
193445423
237509488
616817601
965572458
1904672553
2052096553
1992389878
296257920
880010535
81809938
1743035105
1887518953
216890219
1159897291
1491604461
1209919352
1982659101
1264569977
28430528
1745578056
1108143911
1609170854
766017869
1714291412
1401148035
388186898
263675762
564038568
262147899
107000946
1845495978
455593322
344510434
314829931
1421165781
101699339
219442837
1266072011
397957259
1099453372
1347881950
2140992365
839488677
1564772169
1153406008
183609490
627207873
988581461
1448179467
655638401
586675870
408839731
117325608
1352693739
2123131143
1518473643
1740880637
239323257
2082512211
2003028536
346324204
1780524542
311138211
690834638
2095354473
1732303992
792533978
167313662
850892355
1190491237
1266767035
51290657
1183999954
2106255712
1616062826
189922314
142381555
95787052
1178503776
1590561022
751425453
1765179646
1999400753
868751061
970389737
1975048249
239741057
563786727
66887858
174769620
419331615
413212062
1955294162
730469826
1104046701
1903164988
315290170
1896580679
2070478650
1166182526
939588268
1189762037
1217473183
2123588223
1148534102
686052362
166026889
1290915657
781839414
1344530665
733993031
1533264867
962226663
585910137
254532281
1932616401
413474738
494273338
348919480
480362596
669042958
768251095
893574659
476853473
1498720922
1997621360
232534813
1814011092
1746718391
155529815
832709970
538823011
1345291853
2050183154
514927586
346342307
588751868
680954476
1637257964
1370591282
2025485141
223767347
756372501
840228157
809677484
1010904782
625360910
1223152222
1505178120
974280390
1703514819
26737431
1742531485
449605830
503590904
1093768759
299743542
736125717
760296204
2046461933
891655532
1593006174
437801296
89463737
1495705680
952728883
435806044
2084457548
1633683359
2073064008
1307565182
1511684852
149347708
2063937684
204429361
959025192
927358818
829790271
34693767
285053291
1804070661
1738208586
311790722
1399118499
40330768
815381626
345403610
340074310
1551507343
1105699814
239052595
295679227
551222341
676853891
385142965
2046928021
1629582774
820949009
1983901922
1115782485
746529370
1143983456
479983690
895877078
1060437492
684413051
1854902270
1987796311
1514203323
1889596037
125365954
1170790336
1480320975
437156676
422425187
1520651743
1252538302
767828798
1860726053
656561997
1873528612
2099778648
952241224
277267305
629148892
1337384189
176711679
111248018
10849551
13129953
1227030504
757378921
1157113409
1707014194
1653255999
70067254
243943597
1360674621
2057863565
1758146920
1102787011
35745871
781453609
435624338
472902547
1203878796
1956276082
1725440849
1971707594
1669518487
234519198
1697752559
1621813488
1186760422
1975019864
103478732
376660964
4247895
214726750
387510515
17377848
1441757254
1144889436
1174491258
1001287800
650661787
1244558512
1245231398
2011336408
1154938429
855894670
966639771
1190684300
1637348279
1402264110
1663586847
693743428
1211056544
1241544048
517967374
733091383
1476063246
68236285
207421223
515340020
2043256150
310899955
892000984
2047504045
525626706
1279511499
2064881894
1967383960
276917287
1091889504
821188113
927579074
188964368
2066419511
791431835
1343902797
774830533
1758071606
387103449
264695165
1012852068
2050690296
958438593
76424964
1144750696
1476405967
809516348
473330294
1544642253
1016937571
988670314
1440414755
1327837527
1880671299
1340435152
1853464233
1012699150
1257833398
1673364545
1289616438
202239254
347069010
69711864
391203622
266004873
861143699
1735106419
1040835407
471731658
2122209868
1305530572
1484583726
2025416516
116485517
1561008691
1022683564
1592891484
223041391
1496013858
990050089
1239978962
337200525
282981196
420332841
70388176
1623416349
126313426
1083087326
733766099
1799677972
225220116
936005354
2146746982
294931981
1327208976
265268208
1156075680
914831748
1306103615
1627807338
889557968
464150539
964907417
767490837
580636056
378432460
1790174401
26043892
601473851
1138704612
1016093982
1841452813
1475905137
1299075178
114302007
1546293313
775007879
240615433
481896991
1508773979
2040293405
707117108
297295685
2039556740
1002049089
1624504661
157341300
10641121
391852761
1463444915
1638448460
1281410730
1927595454
455872229
2048901567
360747862
834304689
1691592320
386791754
1435778540
682813284
1402885736
1129747705
11234773
554477267
1244049712
1557528086
1329485146
1484665146
2039425078
690775477
1377474903
599058538
988071162
1269547995
1601107627
465092176
1426889295
1611748748
856944937
742850562
1102713560
2138355667
522962368
1558585789
2039773586
883710230
245406830
1583882259
1270501985
1681185370
119211895
525904073
663449428
130446669
1080381340
1907499140
1687974755
262382839
1244680638
1579916185
953158316
474671894
31491075
1941229479
1744219889
1632598702
258838007
1023625537
1096863803
1115782944
1766476099
52093715
1106654964
141954820
1610679505
998944902
1025665050
1856086335
435343513
148683387
1389788058
554555409
674587461
2053237486
685002078
1754968801
1813252978
225493185
2017351640
910449969
1805409371
823026309
1385121863
1836900446
616772140
981858104
1322015501
875610147
2005483641
271395656
1991393091
1624476093
323489371
950564407
1766430913
1934168876
1949509310
644612315
1642771564
237369175
793295703
885075974
791924584
1467883164
790829812
1476926662
1075368317
456599142
1702419848
945236310
1367049111
1360345571
1768262619
604687326
1049762369
237551111
1586545431
224294222
1113161258
1444545424
495689878
957070701
921537869
819179250
1907635109
540485134
605864478
1709660771
1185097450
101152394
1947029946
1978393153
986228368
591470883
1298792669
1777058180
2068397545
226677338
86173675
1623333745
1171913648
1453222786
836195668
792692619
2057910113
1885958038
1030243730
1496971896
2110252260
2143404988
794033672
458458491
952992042
1715571542
1277637741
713143503
108573028
1883502219
275320626
1293670478
1984654614
74866924
1124579983
823399334
666337807
275889004
452973867
587251705
502566343
539147542
63101802
1674479991
1992370328
899297471
319688963
1902796793
637771861
1349932693
1252285041
600540473
1345854034
2046318714
1058998964
151362428
1614406608
189153057
864505931
1722979636
2072655277
1139826557
869166467
1909826243
1214693481
1993746450
585741929
1881031289
122151807
1038715796
320799346
624718150
1577863338
383901148
151714493
1422750019
1283198619
471403456
1178063164
1920970480
1821336150
282864558
374027306
1019706536
181699624
1433026270
1171068964
1796106232
1622179328
2035574895
1371602220
1547350957
1027917804
93285039
1309693552
95127637
2087031490
1895435481
1976158926
61699649
786667630
149474624
686417799
217047320
533375773
838132292
1639797339
1816574392
1309535749
670376856
1590061225
983388251
953241414
1964088531
2003094787
1134941038
1249631153
1026680103
783563622
724326833
914771350
7682194
124194142
1942689154
100967234
1433887694
2037816791
40515076
1181839528
1866492070
102214725
1968507158
2015966694
788632524
38070830
401858819
1626764816
1677868170
70949564
788816917
200761378
1661010789
1772205168
1154002792
1477615672
1627816307
141460182
579763177
507012762
925023804
1304090011
1421784112
932705998
1428284153
1216989618
1033673232
714688200
1107322762
1074188308
1896527728
826331184
1176403033
1717551238
694814230
1965035557
1755622068
1096673050
1444316726
1286006590
1167622614
85649995
1486767968
681149755
1857855164
493287112
11281779
1338187823
634747294
591044956
1845200586
1559771098
1895134967
1119501050
344993449
1175935473
189007021
1378666681
1890623673
1296329783
305371342
1639667753
2122660967
1481774375
1209735343
669991549
1299326285
817873763
1766664599
596159363
2103880354
786803565
681809358
1443164674
1467953320
392180874
1936451787
1479235099
1730368698
423715433
2070280056
1428085636
1983486532
1817931375
400103038
180996333
846383200
589110059
1559663014
589523225
1885439842
1865034356
81707330
1860617161
1199325084
1291442673
383125063
351167721
2109316437
2306014
947327084
2065713143
789109580
1629136442
1361394169
109579252
2021317317
1150362308
1588814352
1604202367
1574077742
1511610760
884804355
1410080626
1182058487
1284907393
1591076959
2028441688
1874017453
1003256325
470481265
1611973647
720807034
552188596
1325107161
1920132118
1843631269
1708232224
123816191
1805464058
1710538238
1071143275
1723693553
352164170
552796069
937604075
461743423
426629738
2087966383
2050557775
2030832105
1514560477
1414684887
768152812
777157455
449259726
2053060206
220750766
330217766
1779594011
1224007092
800699032
1244084010
1944814126
1352887628
421707523
1717462596
1049035249
2129939747
1841278787
707015660
1692994338
764938414
283225565
2045158508
1317734483
1220829640
359418283
1744364222
1161312376
262492410
1627712679
528389205
1677177297
248381844
1305546661
2126437024
153958402
1526297427